-- // converted using mech's animoduler
local cfr = CFrame.new

return {{tm=0;["HumanoidRootPart"]={cf=cfr(0,0,0,1,0,0,0,1,0,0,0,1);es="Linear";ed="In";};["Torso"]={cf=cfr(0,0,-.014,.906,.423,0,-.423,.906,0,0,0,1);es="Linear";ed="In";};["Right Arm"]={cf=cfr(.011,-.002,-.009,.708,.218,-.672,.091,.915,.393,.701,-.34,.628);es="Linear";ed="In";};["Left Arm"]={cf=cfr(-.004,0,-.008,.867,-.045,.496,-.088,.966,.241,-.49,-.253,.834);es="Linear";ed="In";};["Right Leg"]={cf=cfr(.788,-.038,-.412,.756,-.146,.638,.211,.977,-.027,-.619,.156,.77);es="Linear";ed="In";};["Left Leg"]={cf=cfr(.194,-.202,-.054,.965,-.197,.173,.233,.946,-.223,-.12,.256,.959);es="Linear";ed="In";};["Head"]={cf=cfr(0,0,.017,.902,-.431,.023,.431,.901,-.051,.001,.055,.998);es="Linear";ed="In";};};{tm=.017;["HumanoidRootPart"]={cf=cfr(0,0,0,1,0,0,0,1,0,0,0,1);es="Linear";ed="In";};["Torso"]={cf=cfr(.001,.004,-.014,.906,.423,.001,-.423,.906,.005,.001,-.005,1);es="Linear";ed="In";};["Right Arm"]={cf=cfr(.011,-.002,-.009,.708,.218,-.672,.091,.915,.393,.701,-.339,.628);es="Linear";ed="In";};["Left Arm"]={cf=cfr(-.004,0,-.008,.867,-.045,.496,-.088,.966,.241,-.491,-.253,.834);es="Linear";ed="In";};["Right Leg"]={cf=cfr(.781,-.043,-.406,.756,-.145,.638,.212,.977,-.03,-.619,.158,.77);es="Linear";ed="In";};["Left Leg"]={cf=cfr(.195,-.202,-.054,.964,-.202,.175,.239,.945,-.224,-.12,.257,.959);es="Linear";ed="In";};["Head"]={cf=cfr(0,0,.017,.902,-.431,.02,.431,.901,-.047,.002,.051,.999);es="Linear";ed="In";};};{tm=.033;["HumanoidRootPart"]={cf=cfr(0,0,0,1,0,0,0,1,0,0,0,1);es="Linear";ed="In";};["Torso"]={cf=cfr(.002,.007,-.015,.906,.423,.002,-.423,.906,.009,.002,-.009,1);es="Linear";ed="In";};["Right Arm"]={cf=cfr(.011,-.002,-.009,.707,.218,-.673,.091,.915,.392,.701,-.339,.627);es="Linear";ed="In";};["Left Arm"]={cf=cfr(-.004,0,-.008,.867,-.045,.497,-.088,.967,.241,-.491,-.252,.834);es="Linear";ed="In";};["Right Leg"]={cf=cfr(.774,-.047,-.4,.757,-.143,.638,.212,.977,-.032,-.618,.16,.77);es="Linear";ed="In";};["Left Leg"]={cf=cfr(.195,-.202,-.054,.963,-.207,.175,.243,.944,-.224,-.119,.258,.959);es="Linear";ed="In";};["Head"]={cf=cfr(0,0,.017,.902,-.431,.017,.431,.901,-.043,.003,.047,.999);es="Linear";ed="In";};};{tm=.05;["HumanoidRootPart"]={cf=cfr(0,0,0,1,0,0,0,1,0,0,0,1);es="Linear";ed="In";};["Torso"]={cf=cfr(.003,.011,-.015,.906,.423,.003,-.423,.906,.013,.002,-.013,1);es="Linear";ed="In";};["Right Arm"]={cf=cfr(.011,-.002,-.009,.707,.218,-.673,.091,.916,.392,.702,-.338,.627);es="Linear";ed="In";};["Left Arm"]={cf=cfr(-.004,0,-.008,.866,-.045,.498,-.087,.967,.24,-.492,-.251,.834);es="Linear";ed="In";};["Right Leg"]={cf=cfr(.77,-.05,-.397,.757,-.141,.638,.211,.977,-.035,-.618,.161,.77);es="Linear";ed="In";};["Left Leg"]={cf=cfr(.196,-.202,-.054,.961,-.211,.176,.248,.943,-.224,-.119,.259,.959);es="Linear";ed="In";};["Head"]={cf=cfr(0,0,.017,.902,-.431,.014,.431,.901,-.04,.004,.042,.999);es="Linear";ed="In";};};{tm=.067;["HumanoidRootPart"]={cf=cfr(0,0,0,1,0,0,0,1,0,0,0,1);es="Linear";ed="In";};["Torso"]={cf=cfr(.004,.013,-.016,.906,.423,.004,-.423,.906,.016,.003,-.017,1);es="Linear";ed="In";};["Right Arm"]={cf=cfr(.011,-.002,-.009,.706,.218,-.674,.09,.916,.391,.703,-.336,.627);es="Linear";ed="In";};["Left Arm"]={cf=cfr(-.004,0,-.007,.866,-.046,.499,-.087,.967,.239,-.493,-.25,.833);es="Linear";ed="In";};["Right Leg"]={cf=cfr(.767,-.052,-.394,.758,-.139,.637,.21,.977,-.037,-.618,.162,.77);es="Linear";ed="In";};["Left Leg"]={cf=cfr(.196,-.202,-.054,.96,-.215,.177,.252,.942,-.223,-.119,.259,.958);es="Linear";ed="In";};["Head"]={cf=cfr(0,0,.017,.902,-.431,.011,.431,.902,-.037,.005,.038,.999);es="Linear";ed="In";};};{tm=.083;["HumanoidRootPart"]={cf=cfr(0,0,0,1,0,0,0,1,0,0,0,1);es="Linear";ed="In";};["Torso"]={cf=cfr(.005,.016,-.017,.906,.423,.005,-.423,.906,.019,.003,-.02,1);es="Linear";ed="In";};["Right Arm"]={cf=cfr(.011,-.002,-.009,.705,.218,-.675,.09,.917,.389,.704,-.335,.627);es="Linear";ed="In";};["Left Arm"]={cf=cfr(-.004,0,-.007,.865,-.046,.5,-.086,.968,.238,-.495,-.248,.833);es="Linear";ed="In";};["Right Leg"]={cf=cfr(.766,-.054,-.394,.759,-.136,.637,.207,.977,-.039,-.618,.162,.77);es="Linear";ed="In";};["Left Leg"]={cf=cfr(.196,-.202,-.054,.959,-.219,.178,.256,.941,-.223,-.119,.26,.958);es="Linear";ed="In";};["Head"]={cf=cfr(0,0,.017,.902,-.431,.009,.431,.902,-.033,.007,.034,.999);es="Linear";ed="In";};};{tm=.1;["HumanoidRootPart"]={cf=cfr(0,0,0,1,0,0,0,1,0,0,0,1);es="Linear";ed="In";};["Torso"]={cf=cfr(.005,.018,-.018,.906,.423,.006,-.423,.906,.022,.003,-.023,1);es="Linear";ed="In";};["Right Arm"]={cf=cfr(.011,-.002,-.009,.704,.217,-.676,.089,.918,.388,.705,-.333,.627);es="Linear";ed="In";};["Left Arm"]={cf=cfr(-.004,0,-.007,.864,-.047,.501,-.085,.968,.236,-.496,-.247,.832);es="Linear";ed="In";};["Right Leg"]={cf=cfr(.767,-.055,-.395,.759,-.132,.637,.204,.978,-.041,-.618,.161,.77);es="Linear";ed="In";};["Left Leg"]={cf=cfr(.197,-.201,-.055,.959,-.222,.179,.259,.94,-.223,-.118,.26,.958);es="Linear";ed="In";};["Head"]={cf=cfr(0,0,.017,.902,-.431,.006,.431,.902,-.03,.008,.03,1);es="Linear";ed="In";};};{tm=.117;["HumanoidRootPart"]={cf=cfr(0,0,0,1,0,0,0,1,0,0,0,1);es="Linear";ed="In";};["Torso"]={cf=cfr(.006,.02,-.02,.906,.423,.007,-.423,.906,.024,.004,-.025,1);es="Linear";ed="In";};["Right Arm"]={cf=cfr(.011,-.002,-.009,.703,.217,-.678,.088,.918,.386,.706,-.331,.626);es="Linear";ed="In";};["Left Arm"]={cf=cfr(-.004,0,-.007,.863,-.047,.503,-.084,.968,.235,-.498,-.245,.832);es="Linear";ed="In";};["Right Leg"]={cf=cfr(.77,-.054,-.397,.76,-.128,.637,.2,.979,-.042,-.618,.159,.77);es="Linear";ed="In";};["Left Leg"]={cf=cfr(.166,-.21,-.051,.954,-.241,.179,.278,.934,-.223,-.114,.262,.958);es="Linear";ed="In";};["Head"]={cf=cfr(0,0,.017,.902,-.431,.003,.431,.902,-.027,.008,.026,1);es="Linear";ed="In";};};{tm=.133;["HumanoidRootPart"]={cf=cfr(0,0,0,1,0,0,0,1,0,0,0,1);es="Linear";ed="In";};["Torso"]={cf=cfr(.007,.022,-.021,.906,.423,.008,-.423,.906,.027,.004,-.028,1);es="Linear";ed="In";};["Right Arm"]={cf=cfr(.011,-.002,-.009,.701,.217,-.679,.087,.919,.384,.708,-.328,.626);es="Linear";ed="In";};["Left Arm"]={cf=cfr(-.004,0,-.007,.862,-.048,.505,-.082,.969,.233,-.501,-.242,.831);es="Linear";ed="In";};["Right Leg"]={cf=cfr(.775,-.054,-.401,.761,-.123,.637,.195,.98,-.044,-.619,.157,.77);es="Linear";ed="In";};["Left Leg"]={cf=cfr(.137,-.218,-.047,.949,-.259,.18,.296,.929,-.223,-.109,.264,.958);es="Linear";ed="In";};["Head"]={cf=cfr(0,0,.017,.902,-.431,.001,.431,.902,-.024,.009,.022,1);es="Linear";ed="In";};};{tm=.15;["HumanoidRootPart"]={cf=cfr(0,0,0,1,0,0,0,1,0,0,0,1);es="Linear";ed="In";};["Torso"]={cf=cfr(.008,.024,-.023,.906,.422,.009,-.423,.906,.028,.003,-.03,1);es="Linear";ed="In";};["Right Arm"]={cf=cfr(.011,-.002,-.009,.7,.217,-.681,.086,.92,.381,.709,-.326,.625);es="Linear";ed="In";};["Left Arm"]={cf=cfr(-.005,0,-.007,.86,-.049,.507,-.081,.97,.231,-.503,-.24,.83);es="Linear";ed="In";};["Right Leg"]={cf=cfr(.781,-.052,-.406,.762,-.117,.637,.189,.981,-.045,-.619,.155,.77);es="Linear";ed="In";};["Left Leg"]={cf=cfr(.115,-.223,-.044,.945,-.273,.18,.309,.925,-.222,-.106,.266,.958);es="Linear";ed="In";};["Head"]={cf=cfr(0,0,.017,.902,-.431,-.001,.431,.902,-.021,.01,.019,1);es="Linear";ed="In";};};{tm=.167;["HumanoidRootPart"]={cf=cfr(0,0,0,1,0,0,0,1,0,0,0,1);es="Linear";ed="In";};["Torso"]={cf=cfr(.009,.025,-.025,.906,.422,.01,-.423,.906,.03,.003,-.031,1);es="Linear";ed="In";};["Right Arm"]={cf=cfr(.011,-.002,-.009,.698,.216,-.683,.085,.922,.379,.711,-.323,.625);es="Linear";ed="In";};["Left Arm"]={cf=cfr(-.005,.001,-.007,.859,-.049,.509,-.08,.97,.228,-.506,-.237,.83);es="Linear";ed="In";};["Right Leg"]={cf=cfr(.788,-.05,-.411,.763,-.112,.637,.183,.982,-.047,-.62,.152,.77);es="Linear";ed="In";};["Left Leg"]={cf=cfr(.096,-.228,-.042,.942,-.284,.18,.32,.921,-.222,-.103,.267,.958);es="Linear";ed="In";};["Head"]={cf=cfr(0,0,.017,.902,-.431,-.003,.431,.902,-.019,.011,.015,1);es="Linear";ed="In";};};{tm=.183;["HumanoidRootPart"]={cf=cfr(0,0,0,1,0,0,0,1,0,0,0,1);es="Linear";ed="In";};["Torso"]={cf=cfr(.009,.026,-.027,.906,.422,.011,-.423,.906,.031,.003,-.033,.999);es="Linear";ed="In";};["Right Arm"]={cf=cfr(.011,-.002,-.009,.696,.216,-.685,.084,.923,.376,.713,-.319,.624);es="Linear";ed="In";};["Left Arm"]={cf=cfr(-.005,.001,-.007,.858,-.05,.512,-.078,.971,.226,-.508,-.234,.829);es="Linear";ed="In";};["Right Leg"]={cf=cfr(.795,-.048,-.417,.764,-.107,.637,.177,.983,-.048,-.621,.149,.77);es="Linear";ed="In";};["Left Leg"]={cf=cfr(.079,-.232,-.039,.938,-.295,.181,.331,.917,-.222,-.1,.268,.958);es="Linear";ed="In";};["Head"]={cf=cfr(0,0,.017,.902,-.431,-.005,.431,.902,-.016,.012,.012,1);es="Linear";ed="In";};};{tm=.2;["HumanoidRootPart"]={cf=cfr(0,0,0,1,0,0,0,1,0,0,0,1);es="Linear";ed="In";};["Torso"]={cf=cfr(.01,.027,-.029,.906,.422,.012,-.423,.906,.032,.003,-.034,.999);es="Linear";ed="In";};["Right Arm"]={cf=cfr(.011,-.002,-.008,.694,.215,-.687,.083,.924,.373,.715,-.316,.624);es="Linear";ed="In";};["Left Arm"]={cf=cfr(-.005,.001,-.007,.856,-.051,.514,-.076,.972,.223,-.511,-.231,.828);es="Linear";ed="In";};["Right Leg"]={cf=cfr(.804,-.045,-.424,.764,-.101,.637,.171,.984,-.049,-.622,.146,.77);es="Linear";ed="In";};["Left Leg"]={cf=cfr(.063,-.236,-.037,.935,-.304,.181,.34,.914,-.222,-.098,.269,.958);es="Linear";ed="In";};["Head"]={cf=cfr(0,0,.017,.902,-.431,-.007,.431,.902,-.014,.013,.009,1);es="Linear";ed="In";};};{tm=.217;["HumanoidRootPart"]={cf=cfr(0,0,0,1,0,0,0,1,0,0,0,1);es="Linear";ed="In";};["Torso"]={cf=cfr(.011,.027,-.031,.906,.422,.012,-.423,.906,.032,.002,-.034,.999);es="Linear";ed="In";};["Right Arm"]={cf=cfr(.011,-.002,-.008,.692,.215,-.689,.081,.925,.371,.717,-.313,.623);es="Linear";ed="In";};["Left Arm"]={cf=cfr(-.005,.001,-.007,.854,-.052,.517,-.075,.972,.221,-.514,-.227,.827);es="Linear";ed="In";};["Right Leg"]={cf=cfr(.812,-.042,-.431,.765,-.096,.637,.165,.985,-.05,-.622,.143,.77);es="Linear";ed="In";};["Left Leg"]={cf=cfr(.048,-.24,-.035,.932,-.313,.181,.349,.911,-.221,-.096,.269,.958);es="Linear";ed="In";};["Head"]={cf=cfr(0,0,.017,.902,-.431,-.009,.431,.902,-.012,.013,.007,1);es="Linear";ed="In";};};{tm=.233;["HumanoidRootPart"]={cf=cfr(0,0,0,1,0,0,0,1,0,0,0,1);es="Linear";ed="In";};["Torso"]={cf=cfr(.011,.028,-.033,.906,.422,.013,-.423,.906,.032,.002,-.035,.999);es="Linear";ed="In";};["Right Arm"]={cf=cfr(.011,-.002,-.008,.69,.214,-.691,.08,.927,.367,.719,-.309,.622);es="Linear";ed="In";};["Left Arm"]={cf=cfr(-.005,.001,-.007,.853,-.053,.52,-.073,.973,.218,-.518,-.224,.826);es="Linear";ed="In";};["Right Leg"]={cf=cfr(.821,-.039,-.438,.766,-.091,.637,.159,.986,-.05,-.623,.14,.77);es="Linear";ed="In";};["Left Leg"]={cf=cfr(.033,-.243,-.033,.93,-.321,.181,.357,.908,-.221,-.094,.27,.958);es="Linear";ed="In";};["Head"]={cf=cfr(0,0,.017,.902,-.431,-.01,.431,.902,-.01,.014,.004,1);es="Linear";ed="In";};};{tm=.25;["HumanoidRootPart"]={cf=cfr(0,0,0,1,0,0,0,1,0,0,0,1);es="Linear";ed="In";};["Torso"]={cf=cfr(.011,.028,-.035,.906,.422,.013,-.423,.906,.032,.002,-.035,.999);es="Linear";ed="In";};["Right Arm"]={cf=cfr(.011,-.002,-.008,.688,.214,-.694,.079,.928,.364,.722,-.305,.621);es="Linear";ed="In";};["Left Arm"]={cf=cfr(-.005,.001,-.006,.851,-.054,.523,-.071,.974,.215,-.521,-.22,.825);es="Linear";ed="In";};["Right Leg"]={cf=cfr(.83,-.035,-.445,.766,-.086,.637,.153,.987,-.051,-.624,.136,.77);es="Linear";ed="In";};["Left Leg"]={cf=cfr(.019,-.246,-.031,.927,-.328,.181,.364,.905,-.221,-.091,.271,.958);es="Linear";ed="In";};["Head"]={cf=cfr(0,0,.017,.902,-.431,-.012,.431,.902,-.008,.014,.002,1);es="Linear";ed="In";};};{tm=.267;["HumanoidRootPart"]={cf=cfr(0,0,0,1,0,0,0,1,0,0,0,1);es="Linear";ed="In";};["Torso"]={cf=cfr(.012,.028,-.038,.906,.422,.013,-.423,.906,.032,.001,-.035,.999);es="Linear";ed="In";};["Right Arm"]={cf=cfr(.011,-.002,-.008,.686,.213,-.696,.077,.929,.361,.724,-.301,.621);es="Linear";ed="In";};["Left Arm"]={cf=cfr(-.005,.001,-.006,.849,-.055,.526,-.069,.975,.212,-.524,-.216,.824);es="Linear";ed="In";};["Right Leg"]={cf=cfr(.84,-.032,-.453,.767,-.082,.637,.147,.988,-.051,-.625,.133,.77);es="Linear";ed="In";};["Left Leg"]={cf=cfr(.006,-.249,-.03,.925,-.335,.181,.37,.902,-.221,-.089,.271,.958);es="Linear";ed="In";};["Head"]={cf=cfr(0,0,.017,.902,-.431,-.013,.431,.902,-.007,.014,.001,1);es="Linear";ed="In";};};{tm=.283;["HumanoidRootPart"]={cf=cfr(0,0,0,1,0,0,0,1,0,0,0,1);es="Linear";ed="In";};["Torso"]={cf=cfr(.012,.027,-.04,.906,.422,.014,-.423,.906,.032,.001,-.034,.999);es="Linear";ed="In";};["Right Arm"]={cf=cfr(.011,-.002,-.008,.683,.213,-.698,.076,.931,.358,.726,-.297,.62);es="Linear";ed="In";};["Left Arm"]={cf=cfr(-.005,.001,-.006,.847,-.055,.529,-.067,.976,.209,-.528,-.212,.822);es="Linear";ed="In";};["Right Leg"]={cf=cfr(.849,-.027,-.46,.767,-.077,.637,.142,.989,-.051,-.625,.129,.77);es="Linear";ed="In";};["Left Leg"]={cf=cfr(-.006,-.252,-.028,.922,-.341,.181,.376,.9,-.221,-.088,.272,.958);es="Linear";ed="In";};["Head"]={cf=cfr(0,0,.017,.902,-.431,-.013,.431,.902,-.005,.014,-.001,1);es="Linear";ed="In";};};{tm=.3;["HumanoidRootPart"]={cf=cfr(0,0,0,1,0,0,0,1,0,0,0,1);es="Linear";ed="In";};["Torso"]={cf=cfr(.012,.027,-.043,.906,.422,.014,-.423,.906,.031,.001,-.033,.999);es="Linear";ed="In";};["Right Arm"]={cf=cfr(.011,-.001,-.008,.681,.212,-.701,.074,.932,.354,.729,-.293,.619);es="Linear";ed="In";};["Left Arm"]={cf=cfr(-.005,.001,-.006,.845,-.056,.532,-.065,.976,.206,-.531,-.209,.821);es="Linear";ed="In";};["Right Leg"]={cf=cfr(.858,-.023,-.468,.768,-.074,.637,.137,.989,-.05,-.626,.126,.77);es="Linear";ed="In";};["Left Leg"]={cf=cfr(-.018,-.254,-.026,.921,-.346,.181,.381,.898,-.221,-.086,.272,.958);es="Linear";ed="In";};["Head"]={cf=cfr(0,0,.017,.902,-.431,-.014,.431,.902,-.004,.014,-.002,1);es="Linear";ed="In";};};{tm=.317;["HumanoidRootPart"]={cf=cfr(0,0,0,1,0,0,0,1,0,0,0,1);es="Linear";ed="In";};["Torso"]={cf=cfr(.012,.026,-.045,.906,.422,.013,-.423,.906,.029,0,-.032,.999);es="Linear";ed="In";};["Right Arm"]={cf=cfr(.011,-.001,-.008,.679,.212,-.703,.073,.934,.351,.731,-.289,.618);es="Linear";ed="In";};["Left Arm"]={cf=cfr(-.005,.001,-.006,.843,-.057,.535,-.063,.977,.203,-.535,-.205,.82);es="Linear";ed="In";};["Right Leg"]={cf=cfr(.867,-.018,-.475,.768,-.07,.637,.132,.99,-.05,-.627,.122,.769);es="Linear";ed="In";};["Left Leg"]={cf=cfr(-.03,-.257,-.025,.919,-.351,.181,.386,.896,-.221,-.084,.273,.958);es="Linear";ed="In";};["Head"]={cf=cfr(0,0,.017,.902,-.431,-.014,.431,.902,-.003,.014,-.003,1);es="Linear";ed="In";};};{tm=.333;["HumanoidRootPart"]={cf=cfr(0,0,0,1,0,0,0,1,0,0,0,1);es="Linear";ed="In";};["Torso"]={cf=cfr(.012,.025,-.047,.906,.422,.013,-.423,.906,.028,0,-.031,1);es="Linear";ed="In";};["Right Arm"]={cf=cfr(.011,-.001,-.007,.676,.211,-.706,.071,.935,.348,.733,-.285,.617);es="Linear";ed="In";};["Left Arm"]={cf=cfr(-.005,.001,-.006,.841,-.058,.538,-.06,.978,.2,-.538,-.201,.819);es="Linear";ed="In";};["Right Leg"]={cf=cfr(.877,-.013,-.482,.768,-.067,.637,.127,.991,-.049,-.628,.119,.769);es="Linear";ed="In";};["Left Leg"]={cf=cfr(-.041,-.259,-.023,.917,-.355,.18,.389,.894,-.222,-.083,.273,.958);es="Linear";ed="In";};["Head"]={cf=cfr(0,0,.017,.902,-.431,-.014,.431,.902,-.002,.014,-.004,1);es="Linear";ed="In";};};{tm=.35;["HumanoidRootPart"]={cf=cfr(0,0,0,1,0,0,0,1,0,0,0,1);es="Linear";ed="In";};["Torso"]={cf=cfr(.011,.023,-.05,.906,.422,.012,-.423,.906,.026,0,-.029,1);es="Linear";ed="In";};["Right Arm"]={cf=cfr(.011,-.001,-.007,.674,.21,-.708,.069,.936,.344,.736,-.281,.616);es="Linear";ed="In";};["Left Arm"]={cf=cfr(-.005,.001,-.006,.839,-.059,.541,-.058,.979,.197,-.541,-.197,.817);es="Linear";ed="In";};["Right Leg"]={cf=cfr(.886,-.008,-.49,.768,-.065,.637,.123,.991,-.048,-.628,.115,.769);es="Linear";ed="In";};["Left Leg"]={cf=cfr(-.052,-.26,-.022,.916,-.358,.18,.393,.893,-.222,-.081,.274,.958);es="Linear";ed="In";};["Head"]={cf=cfr(0,0,.017,.902,-.431,-.014,.431,.902,-.001,.013,-.005,1);es="Linear";ed="In";};};{tm=.367;["HumanoidRootPart"]={cf=cfr(0,0,0,1,0,0,0,1,0,0,0,1);es="Linear";ed="In";};["Torso"]={cf=cfr(.011,.022,-.052,.906,.422,.012,-.423,.906,.024,0,-.027,1);es="Linear";ed="In";};["Right Arm"]={cf=cfr(.011,-.001,-.007,.671,.21,-.711,.068,.938,.341,.738,-.277,.615);es="Linear";ed="In";};["Left Arm"]={cf=cfr(-.005,.001,-.005,.837,-.06,.545,-.056,.979,.194,-.545,-.193,.816);es="Linear";ed="In";};["Right Leg"]={cf=cfr(.895,-.002,-.497,.768,-.062,.637,.119,.992,-.047,-.629,.112,.769);es="Linear";ed="In";};["Left Leg"]={cf=cfr(-.062,-.262,-.02,.915,-.361,.179,.395,.891,-.222,-.08,.274,.958);es="Linear";ed="In";};["Head"]={cf=cfr(0,0,.017,.902,-.431,-.013,.431,.902,-.001,.012,-.005,1);es="Linear";ed="In";};};{tm=.383;["HumanoidRootPart"]={cf=cfr(0,0,0,1,0,0,0,1,0,0,0,1);es="Linear";ed="In";};["Torso"]={cf=cfr(.01,.02,-.054,.906,.422,.011,-.423,.906,.022,-.001,-.024,1);es="Linear";ed="In";};["Right Arm"]={cf=cfr(.011,-.001,-.007,.669,.209,-.713,.066,.939,.337,.74,-.273,.614);es="Linear";ed="In";};["Left Arm"]={cf=cfr(-.005,.001,-.005,.835,-.061,.548,-.054,.98,.191,-.548,-.189,.815);es="Linear";ed="In";};["Right Leg"]={cf=cfr(.904,.003,-.504,.768,-.061,.637,.115,.992,-.045,-.629,.108,.769);es="Linear";ed="In";};["Left Leg"]={cf=cfr(-.072,-.263,-.019,.914,-.363,.179,.397,.89,-.223,-.078,.275,.958);es="Linear";ed="In";};["Head"]={cf=cfr(0,0,.017,.902,-.431,-.013,.431,.902,0,.012,-.005,1);es="Linear";ed="In";};};{tm=.4;["HumanoidRootPart"]={cf=cfr(0,0,0,1,0,0,0,1,0,0,0,1);es="Linear";ed="In";};["Torso"]={cf=cfr(.009,.018,-.057,.906,.423,.01,-.423,.906,.019,-.001,-.021,1);es="Linear";ed="In";};["Right Arm"]={cf=cfr(.011,-.001,-.007,.667,.208,-.716,.065,.94,.334,.743,-.269,.613);es="Linear";ed="In";};["Left Arm"]={cf=cfr(-.005,.001,-.005,.832,-.062,.551,-.052,.981,.188,-.552,-.185,.813);es="Linear";ed="In";};["Right Leg"]={cf=cfr(.912,.009,-.511,.768,-.059,.637,.112,.993,-.043,-.63,.105,.769);es="Linear";ed="In";};["Left Leg"]={cf=cfr(-.081,-.264,-.018,.914,-.365,.178,.399,.889,-.224,-.077,.276,.958);es="Linear";ed="In";};["Head"]={cf=cfr(0,0,.017,.902,-.431,-.012,.431,.902,0,.01,-.005,1);es="Linear";ed="In";};};{tm=.417;["HumanoidRootPart"]={cf=cfr(0,0,0,1,0,0,0,1,0,0,0,1);es="Linear";ed="In";};["Torso"]={cf=cfr(.008,.016,-.059,.906,.423,.009,-.423,.906,.016,-.001,-.018,1);es="Linear";ed="In";};["Right Arm"]={cf=cfr(.011,-.001,-.007,.664,.208,-.718,.063,.942,.331,.745,-.265,.613);es="Linear";ed="In";};["Left Arm"]={cf=cfr(-.005,.001,-.005,.83,-.062,.554,-.05,.981,.185,-.555,-.181,.812);es="Linear";ed="In";};["Right Leg"]={cf=cfr(.92,.016,-.518,.768,-.058,.637,.109,.993,-.041,-.631,.101,.769);es="Linear";ed="In";};["Left Leg"]={cf=cfr(-.09,-.265,-.016,.914,-.366,.177,.4,.889,-.225,-.076,.276,.958);es="Linear";ed="In";};["Head"]={cf=cfr(0,0,.017,.902,-.431,-.01,.431,.902,0,.009,-.004,1);es="Linear";ed="In";};};{tm=.433;["HumanoidRootPart"]={cf=cfr(0,0,0,1,0,0,0,1,0,0,0,1);es="Linear";ed="In";};["Torso"]={cf=cfr(.007,.014,-.061,.906,.423,.007,-.423,.906,.013,-.001,-.015,1);es="Linear";ed="In";};["Right Arm"]={cf=cfr(.011,-.001,-.007,.662,.207,-.72,.061,.943,.328,.747,-.261,.612);es="Linear";ed="In";};["Left Arm"]={cf=cfr(-.005,.001,-.005,.829,-.063,.556,-.048,.982,.182,-.558,-.177,.811);es="Linear";ed="In";};["Right Leg"]={cf=cfr(.928,.022,-.524,.768,-.058,.638,.107,.994,-.039,-.631,.098,.769);es="Linear";ed="In";};["Left Leg"]={cf=cfr(-.098,-.266,-.015,.913,-.366,.177,.4,.888,-.225,-.074,.277,.958);es="Linear";ed="In";};["Head"]={cf=cfr(0,0,.017,.902,-.431,-.009,.431,.902,0,.008,-.003,1);es="Linear";ed="In";};};{tm=.45;["HumanoidRootPart"]={cf=cfr(0,0,0,1,0,0,0,1,0,0,0,1);es="Linear";ed="In";};["Torso"]={cf=cfr(.006,.011,-.063,.906,.423,.006,-.423,.906,.01,-.001,-.011,1);es="Linear";ed="In";};["Right Arm"]={cf=cfr(.011,-.001,-.006,.66,.206,-.722,.06,.944,.324,.749,-.257,.611);es="Linear";ed="In";};["Left Arm"]={cf=cfr(-.005,.001,-.005,.827,-.064,.559,-.046,.983,.179,-.561,-.174,.809);es="Linear";ed="In";};["Right Leg"]={cf=cfr(.936,.028,-.531,.768,-.058,.638,.105,.994,-.036,-.632,.095,.769);es="Linear";ed="In";};["Left Leg"]={cf=cfr(-.106,-.266,-.014,.914,-.367,.176,.4,.888,-.226,-.073,.277,.958);es="Linear";ed="In";};["Head"]={cf=cfr(0,0,.017,.902,-.431,-.007,.431,.902,-.001,.007,-.002,1);es="Linear";ed="In";};};{tm=.467;["HumanoidRootPart"]={cf=cfr(0,0,0,1,0,0,0,1,0,0,0,1);es="Linear";ed="In";};["Torso"]={cf=cfr(.005,.008,-.065,.906,.423,.004,-.423,.906,.007,-.001,-.008,1);es="Linear";ed="In";};["Right Arm"]={cf=cfr(.011,-.001,-.006,.658,.206,-.724,.058,.945,.322,.751,-.254,.61);es="Linear";ed="In";};["Left Arm"]={cf=cfr(-.005,.001,-.005,.825,-.064,.562,-.044,.983,.177,-.564,-.17,.808);es="Linear";ed="In";};["Right Leg"]={cf=cfr(.943,.035,-.537,.768,-.058,.638,.103,.994,-.034,-.632,.091,.769);es="Linear";ed="In";};["Left Leg"]={cf=cfr(-.113,-.267,-.013,.914,-.366,.175,.399,.888,-.227,-.072,.278,.958);es="Linear";ed="In";};["Head"]={cf=cfr(0,0,.017,.902,-.431,-.005,.431,.902,-.002,.005,-.001,1);es="Linear";ed="In";};};{tm=.483;["HumanoidRootPart"]={cf=cfr(0,0,0,1,0,0,0,1,0,0,0,1);es="Linear";ed="In";};["Torso"]={cf=cfr(.004,.006,-.067,.906,.423,.003,-.423,.906,.003,-.001,-.004,1);es="Linear";ed="In";};["Right Arm"]={cf=cfr(.011,-.001,-.006,.656,.205,-.726,.057,.946,.319,.753,-.251,.609);es="Linear";ed="In";};["Left Arm"]={cf=cfr(-.005,.001,-.005,.823,-.065,.564,-.042,.984,.174,-.567,-.167,.807);es="Linear";ed="In";};["Right Leg"]={cf=cfr(.95,.041,-.542,.768,-.059,.638,.102,.994,-.031,-.633,.088,.769);es="Linear";ed="In";};["Left Leg"]={cf=cfr(-.12,-.267,-.012,.914,-.366,.174,.399,.888,-.228,-.071,.278,.958);es="Linear";ed="In";};["Head"]={cf=cfr(0,0,.017,.902,-.431,-.003,.431,.902,-.003,.003,.001,1);es="Linear";ed="In";};};{tm=.5;["HumanoidRootPart"]={cf=cfr(0,0,0,1,0,0,0,1,0,0,0,1);es="Linear";ed="In";};["Torso"]={cf=cfr(.002,.003,-.069,.906,.423,.001,-.423,.906,0,-.001,0,1);es="Linear";ed="In";};["Right Arm"]={cf=cfr(.011,-.001,-.006,.654,.205,-.728,.056,.947,.316,.754,-.247,.608);es="Linear";ed="In";};["Left Arm"]={cf=cfr(-.005,.001,-.004,.821,-.066,.567,-.04,.984,.172,-.569,-.164,.806);es="Linear";ed="In";};["Right Leg"]={cf=cfr(.956,.048,-.548,.768,-.06,.638,.1,.995,-.028,-.633,.085,.769);es="Linear";ed="In";};["Left Leg"]={cf=cfr(-.126,-.267,-.011,.915,-.364,.173,.397,.889,-.229,-.07,.279,.958);es="Linear";ed="In";};["Head"]={cf=cfr(0,0,.017,.902,-.431,0,.431,.902,-.004,.002,.004,1);es="Linear";ed="In";};};{tm=.517;["HumanoidRootPart"]={cf=cfr(0,0,0,1,0,0,0,1,0,0,0,1);es="Linear";ed="In";};["Torso"]={cf=cfr(.001,0,-.071,.906,.423,-.001,-.423,.906,-.004,-.001,.004,1);es="Linear";ed="In";};["Right Arm"]={cf=cfr(.011,-.001,-.006,.652,.204,-.73,.055,.948,.314,.756,-.244,.607);es="Linear";ed="In";};["Left Arm"]={cf=cfr(-.005,.001,-.004,.82,-.066,.569,-.038,.985,.17,-.572,-.161,.805);es="Linear";ed="In";};["Right Leg"]={cf=cfr(.962,.054,-.553,.767,-.061,.638,.1,.995,-.025,-.633,.083,.769);es="Linear";ed="In";};["Left Leg"]={cf=cfr(-.132,-.267,-.011,.916,-.363,.172,.396,.889,-.23,-.07,.279,.958);es="Linear";ed="In";};["Head"]={cf=cfr(0,0,.017,.902,-.431,.003,.431,.902,-.006,0,.006,1);es="Linear";ed="In";};};{tm=.533;["HumanoidRootPart"]={cf=cfr(0,0,0,1,0,0,0,1,0,0,0,1);es="Linear";ed="In";};["Torso"]={cf=cfr(0,-.003,-.073,.906,.423,-.002,-.423,.906,-.008,-.001,.008,1);es="Linear";ed="In";};["Right Arm"]={cf=cfr(.011,-.001,-.006,.651,.203,-.732,.053,.949,.311,.757,-.242,.606);es="Linear";ed="In";};["Left Arm"]={cf=cfr(-.005,.001,-.004,.818,-.067,.571,-.037,.985,.168,-.574,-.158,.804);es="Linear";ed="In";};["Right Leg"]={cf=cfr(.968,.061,-.558,.767,-.062,.638,.099,.995,-.022,-.634,.08,.769);es="Linear";ed="In";};["Left Leg"]={cf=cfr(-.138,-.266,-.01,.917,-.361,.171,.394,.89,-.231,-.069,.28,.958);es="Linear";ed="In";};["Head"]={cf=cfr(0,0,.017,.902,-.431,.006,.431,.902,-.008,-.002,.009,1);es="Linear";ed="In";};};{tm=.55;["HumanoidRootPart"]={cf=cfr(0,0,0,1,0,0,0,1,0,0,0,1);es="Linear";ed="In";};["Torso"]={cf=cfr(-.002,-.006,-.074,.906,.423,-.004,-.423,.906,-.011,-.001,.012,1);es="Linear";ed="In";};["Right Arm"]={cf=cfr(.011,-.001,-.006,.649,.203,-.733,.052,.95,.309,.759,-.239,.606);es="Linear";ed="In";};["Left Arm"]={cf=cfr(-.005,.001,-.004,.817,-.067,.573,-.036,.985,.166,-.576,-.156,.803);es="Linear";ed="In";};["Right Leg"]={cf=cfr(.973,.067,-.563,.767,-.064,.638,.099,.995,-.019,-.634,.078,.769);es="Linear";ed="In";};["Left Leg"]={cf=cfr(-.142,-.266,-.009,.918,-.359,.17,.391,.89,-.232,-.068,.28,.958);es="Linear";ed="In";};["Head"]={cf=cfr(0,0,.017,.902,-.431,.009,.431,.902,-.01,-.003,.013,1);es="Linear";ed="In";};};{tm=.567;["HumanoidRootPart"]={cf=cfr(0,0,0,1,0,0,0,1,0,0,0,1);es="Linear";ed="In";};["Torso"]={cf=cfr(-.003,-.009,-.076,.906,.423,-.006,-.423,.906,-.015,-.001,.016,1);es="Linear";ed="In";};["Right Arm"]={cf=cfr(.011,-.001,-.006,.648,.203,-.734,.051,.95,.307,.76,-.237,.605);es="Linear";ed="In";};["Left Arm"]={cf=cfr(-.006,.001,-.004,.816,-.067,.575,-.034,.986,.164,-.578,-.154,.802);es="Linear";ed="In";};["Right Leg"]={cf=cfr(.977,.073,-.567,.767,-.066,.638,.099,.995,-.016,-.634,.075,.77);es="Linear";ed="In";};["Left Leg"]={cf=cfr(-.147,-.265,-.009,.919,-.356,.169,.389,.891,-.233,-.068,.28,.957);es="Linear";ed="In";};["Head"]={cf=cfr(0,0,.017,.902,-.431,.012,.431,.902,-.013,-.005,.016,1);es="Linear";ed="In";};};{tm=.583;["HumanoidRootPart"]={cf=cfr(0,0,0,1,0,0,0,1,0,0,0,1);es="Linear";ed="In";};["Torso"]={cf=cfr(-.005,-.012,-.077,.906,.423,-.008,-.423,.906,-.019,-.001,.02,1);es="Linear";ed="In";};["Right Arm"]={cf=cfr(.011,-.001,-.006,.647,.202,-.735,.051,.951,.306,.761,-.235,.605);es="Linear";ed="In";};["Left Arm"]={cf=cfr(-.006,.001,-.004,.815,-.068,.576,-.033,.986,.163,-.579,-.152,.801);es="Linear";ed="In";};["Right Leg"]={cf=cfr(.981,.079,-.571,.767,-.068,.639,.099,.995,-.013,-.634,.073,.77);es="Linear";ed="In";};["Left Leg"]={cf=cfr(-.15,-.265,-.008,.92,-.354,.169,.386,.892,-.234,-.067,.281,.957);es="Linear";ed="In";};["Head"]={cf=cfr(0,0,.017,.902,-.431,.015,.431,.902,-.015,-.007,.02,1);es="Linear";ed="In";};};{tm=.6;["HumanoidRootPart"]={cf=cfr(0,0,0,1,0,0,0,1,0,0,0,1);es="Linear";ed="In";};["Torso"]={cf=cfr(-.006,-.015,-.078,.906,.422,-.01,-.423,.906,-.023,-.001,.025,1);es="Linear";ed="In";};["Right Arm"]={cf=cfr(.011,-.001,-.006,.646,.202,-.736,.05,.951,.304,.762,-.233,.604);es="Linear";ed="In";};["Left Arm"]={cf=cfr(-.006,.001,-.004,.814,-.068,.577,-.032,.986,.162,-.58,-.15,.8);es="Linear";ed="In";};["Right Leg"]={cf=cfr(.985,.085,-.574,.766,-.071,.639,.1,.995,-.01,-.635,.071,.77);es="Linear";ed="In";};["Left Leg"]={cf=cfr(-.153,-.264,-.008,.921,-.351,.168,.383,.893,-.235,-.067,.281,.957);es="Linear";ed="In";};["Head"]={cf=cfr(0,0,.017,.902,-.431,.019,.431,.902,-.018,-.009,.025,1);es="Linear";ed="In";};};{tm=.617;["HumanoidRootPart"]={cf=cfr(0,0,0,1,0,0,0,1,0,0,0,1);es="Linear";ed="In";};["Torso"]={cf=cfr(-.008,-.018,-.079,.906,.422,-.012,-.423,.906,-.026,0,.029,1);es="Linear";ed="In";};["Right Arm"]={cf=cfr(.011,-.001,-.006,.645,.202,-.737,.049,.952,.303,.763,-.232,.604);es="Linear";ed="In";};["Left Arm"]={cf=cfr(-.006,.001,-.004,.813,-.068,.578,-.031,.986,.161,-.581,-.149,.8);es="Linear";ed="In";};["Right Leg"]={cf=cfr(.988,.09,-.577,.766,-.073,.639,.101,.995,-.007,-.635,.069,.77);es="Linear";ed="In";};["Left Leg"]={cf=cfr(-.156,-.263,-.008,.923,-.347,.167,.379,.894,-.236,-.067,.281,.957);es="Linear";ed="In";};["Head"]={cf=cfr(0,0,.017,.902,-.431,.022,.431,.902,-.022,-.011,.029,1);es="Linear";ed="In";};};{tm=.633;["HumanoidRootPart"]={cf=cfr(0,0,0,1,0,0,0,1,0,0,0,1);es="Linear";ed="In";};["Torso"]={cf=cfr(-.009,-.021,-.08,.906,.422,-.013,-.423,.906,-.03,0,.032,.999);es="Linear";ed="In";};["Right Arm"]={cf=cfr(.011,-.001,-.006,.644,.201,-.738,.049,.952,.302,.763,-.231,.604);es="Linear";ed="In";};["Left Arm"]={cf=cfr(-.006,.001,-.004,.812,-.068,.579,-.031,.987,.16,-.582,-.148,.799);es="Linear";ed="In";};["Right Leg"]={cf=cfr(.991,.095,-.58,.766,-.076,.639,.102,.995,-.004,-.635,.068,.77);es="Linear";ed="In";};["Left Leg"]={cf=cfr(-.158,-.262,-.008,.924,-.344,.166,.376,.896,-.237,-.067,.282,.957);es="Linear";ed="In";};["Head"]={cf=cfr(0,0,.017,.902,-.43,.026,.431,.902,-.025,-.012,.034,.999);es="Linear";ed="In";};};{tm=.65;["HumanoidRootPart"]={cf=cfr(0,0,0,1,0,0,0,1,0,0,0,1);es="Linear";ed="In";};["Torso"]={cf=cfr(-.011,-.023,-.08,.906,.422,-.015,-.423,.906,-.033,0,.036,.999);es="Linear";ed="In";};["Right Arm"]={cf=cfr(.011,-.001,-.006,.644,.201,-.738,.049,.952,.302,.763,-.23,.603);es="Linear";ed="In";};["Left Arm"]={cf=cfr(-.006,.001,-.004,.812,-.069,.579,-.031,.987,.16,-.583,-.147,.799);es="Linear";ed="In";};["Right Leg"]={cf=cfr(.993,.1,-.582,.766,-.079,.639,.103,.995,-.001,-.635,.066,.77);es="Linear";ed="In";};["Left Leg"]={cf=cfr(-.159,-.262,-.008,.926,-.34,.165,.372,.897,-.238,-.067,.282,.957);es="Linear";ed="In";};["Head"]={cf=cfr(0,0,.017,.902,-.43,.029,.431,.902,-.028,-.014,.038,.999);es="Linear";ed="In";};};{tm=.667;["HumanoidRootPart"]={cf=cfr(0,0,0,1,0,0,0,1,0,0,0,1);es="Linear";ed="In";};["Torso"]={cf=cfr(-.012,-.026,-.08,.906,.422,-.017,-.423,.906,-.036,0,.04,.999);es="Linear";ed="In";};["Right Arm"]={cf=cfr(.011,-.001,-.006,.644,.201,-.738,.049,.952,.302,.764,-.23,.603);es="Linear";ed="In";};["Left Arm"]={cf=cfr(-.006,.001,-.004,.812,-.069,.58,-.031,.987,.16,-.583,-.147,.799);es="Linear";ed="In";};["Right Leg"]={cf=cfr(.995,.104,-.584,.765,-.082,.639,.104,.995,.002,-.635,.065,.77);es="Linear";ed="In";};["Left Leg"]={cf=cfr(-.159,-.261,-.008,.927,-.336,.164,.368,.898,-.239,-.067,.282,.957);es="Linear";ed="In";};["Head"]={cf=cfr(0,0,.017,.902,-.43,.033,.431,.902,-.032,-.016,.043,.999);es="Linear";ed="In";};};{tm=.683;["HumanoidRootPart"]={cf=cfr(0,0,0,1,0,0,0,1,0,0,0,1);es="Linear";ed="In";};["Torso"]={cf=cfr(-.013,-.028,-.08,.906,.422,-.018,-.423,.905,-.039,0,.043,.999);es="Linear";ed="In";};["Right Arm"]={cf=cfr(.011,-.001,-.006,.644,.201,-.738,.049,.952,.302,.763,-.23,.603);es="Linear";ed="In";};["Left Arm"]={cf=cfr(-.006,.001,-.004,.812,-.069,.579,-.031,.987,.16,-.583,-.147,.799);es="Linear";ed="In";};["Right Leg"]={cf=cfr(.996,.108,-.586,.765,-.085,.639,.106,.994,.005,-.635,.064,.77);es="Linear";ed="In";};["Left Leg"]={cf=cfr(-.159,-.26,-.008,.929,-.332,.163,.364,.9,-.24,-.067,.282,.957);es="Linear";ed="In";};["Head"]={cf=cfr(0,0,.017,.902,-.43,.036,.431,.902,-.036,-.017,.048,.999);es="Linear";ed="In";};};{tm=.7;["HumanoidRootPart"]={cf=cfr(0,0,0,1,0,0,0,1,0,0,0,1);es="Linear";ed="In";};["Torso"]={cf=cfr(-.015,-.031,-.08,.906,.422,-.02,-.423,.905,-.042,0,.047,.999);es="Linear";ed="In";};["Right Arm"]={cf=cfr(.011,-.001,-.006,.644,.201,-.738,.049,.952,.302,.763,-.231,.604);es="Linear";ed="In";};["Left Arm"]={cf=cfr(-.006,.001,-.004,.812,-.068,.579,-.031,.987,.16,-.582,-.148,.799);es="Linear";ed="In";};["Right Leg"]={cf=cfr(.996,.111,-.587,.765,-.088,.639,.108,.994,.007,-.635,.064,.77);es="Linear";ed="In";};["Left Leg"]={cf=cfr(-.158,-.259,-.008,.931,-.328,.162,.36,.902,-.241,-.067,.282,.957);es="Linear";ed="In";};["Head"]={cf=cfr(0,0,.017,.902,-.429,.039,.431,.902,-.039,-.019,.052,.998);es="Linear";ed="In";};};{tm=.717;["HumanoidRootPart"]={cf=cfr(0,0,0,1,0,0,0,1,0,0,0,1);es="Linear";ed="In";};["Torso"]={cf=cfr(-.016,-.033,-.08,.906,.422,-.021,-.423,.905,-.045,.001,.05,.999);es="Linear";ed="In";};["Right Arm"]={cf=cfr(.011,-.001,-.006,.645,.202,-.737,.049,.952,.303,.763,-.232,.604);es="Linear";ed="In";};["Left Arm"]={cf=cfr(-.006,.001,-.004,.813,-.068,.578,-.031,.986,.161,-.581,-.149,.8);es="Linear";ed="In";};["Right Leg"]={cf=cfr(.997,.114,-.588,.764,-.091,.639,.11,.994,.009,-.635,.063,.77);es="Linear";ed="In";};["Left Leg"]={cf=cfr(-.156,-.258,-.008,.932,-.324,.161,.355,.903,-.241,-.068,.282,.957);es="Linear";ed="In";};["Head"]={cf=cfr(0,0,.017,.902,-.429,.043,.431,.902,-.043,-.02,.057,.998);es="Linear";ed="In";};};{tm=.733;["HumanoidRootPart"]={cf=cfr(0,0,0,1,0,0,0,1,0,0,0,1);es="Linear";ed="In";};["Torso"]={cf=cfr(-.017,-.035,-.079,.906,.422,-.023,-.423,.905,-.047,.001,.053,.999);es="Linear";ed="In";};["Right Arm"]={cf=cfr(.011,-.001,-.006,.646,.202,-.736,.05,.951,.304,.762,-.233,.604);es="Linear";ed="In";};["Left Arm"]={cf=cfr(-.006,.001,-.004,.814,-.068,.577,-.032,.986,.162,-.58,-.15,.8);es="Linear";ed="In";};["Right Leg"]={cf=cfr(.996,.116,-.588,.764,-.094,.638,.112,.994,.012,-.636,.063,.77);es="Linear";ed="In";};["Left Leg"]={cf=cfr(-.154,-.257,-.009,.934,-.319,.161,.351,.905,-.242,-.068,.282,.957);es="Linear";ed="In";};["Head"]={cf=cfr(0,0,.017,.902,-.429,.046,.431,.901,-.046,-.021,.061,.998);es="Linear";ed="In";};};{tm=.75;["HumanoidRootPart"]={cf=cfr(0,0,0,1,0,0,0,1,0,0,0,1);es="Linear";ed="In";};["Torso"]={cf=cfr(-.018,-.037,-.078,.906,.422,-.024,-.423,.905,-.05,.001,.055,.998);es="Linear";ed="In";};["Right Arm"]={cf=cfr(.011,-.001,-.006,.647,.202,-.735,.051,.951,.306,.761,-.235,.605);es="Linear";ed="In";};["Left Arm"]={cf=cfr(-.006,.001,-.004,.815,-.068,.576,-.033,.986,.163,-.579,-.152,.801);es="Linear";ed="In";};["Right Leg"]={cf=cfr(.996,.118,-.588,.764,-.097,.638,.114,.993,.014,-.636,.062,.77);es="Linear";ed="In";};["Left Leg"]={cf=cfr(-.151,-.256,-.009,.936,-.315,.16,.346,.906,-.242,-.069,.282,.957);es="Linear";ed="In";};["Head"]={cf=cfr(0,0,.017,.902,-.428,.049,.43,.901,-.05,-.023,.066,.998);es="Linear";ed="In";};};{tm=.767;["HumanoidRootPart"]={cf=cfr(0,0,0,1,0,0,0,1,0,0,0,1);es="Linear";ed="In";};["Torso"]={cf=cfr(-.019,-.039,-.077,.906,.422,-.025,-.423,.905,-.052,.001,.058,.998);es="Linear";ed="In";};["Right Arm"]={cf=cfr(.011,-.001,-.006,.648,.203,-.734,.051,.95,.307,.76,-.237,.605);es="Linear";ed="In";};["Left Arm"]={cf=cfr(-.006,.001,-.004,.816,-.067,.575,-.034,.986,.164,-.578,-.154,.802);es="Linear";ed="In";};["Right Leg"]={cf=cfr(.995,.119,-.588,.763,-.1,.638,.117,.993,.016,-.636,.062,.77);es="Linear";ed="In";};["Left Leg"]={cf=cfr(-.147,-.255,-.01,.937,-.31,.16,.342,.908,-.243,-.07,.282,.957);es="Linear";ed="In";};["Head"]={cf=cfr(0,0,.017,.902,-.428,.052,.43,.901,-.053,-.024,.07,.997);es="Linear";ed="In";};};{tm=.783;["HumanoidRootPart"]={cf=cfr(0,0,0,1,0,0,0,1,0,0,0,1);es="Linear";ed="In";};["Torso"]={cf=cfr(-.02,-.041,-.076,.906,.422,-.026,-.423,.905,-.054,.001,.06,.998);es="Linear";ed="In";};["Right Arm"]={cf=cfr(.011,-.001,-.006,.649,.203,-.733,.052,.95,.309,.759,-.239,.606);es="Linear";ed="In";};["Left Arm"]={cf=cfr(-.005,.001,-.004,.817,-.067,.573,-.036,.985,.166,-.576,-.156,.803);es="Linear";ed="In";};["Right Leg"]={cf=cfr(.994,.12,-.587,.763,-.103,.638,.119,.993,.017,-.636,.063,.77);es="Linear";ed="In";};["Left Leg"]={cf=cfr(-.143,-.254,-.01,.939,-.305,.159,.337,.91,-.243,-.07,.282,.957);es="Linear";ed="In";};["Head"]={cf=cfr(0,0,.017,.902,-.428,.054,.43,.901,-.056,-.025,.074,.997);es="Linear";ed="In";};};{tm=.8;["HumanoidRootPart"]={cf=cfr(0,0,0,1,0,0,0,1,0,0,0,1);es="Linear";ed="In";};["Torso"]={cf=cfr(-.021,-.043,-.074,.906,.422,-.027,-.423,.905,-.056,.001,.062,.998);es="Linear";ed="In";};["Right Arm"]={cf=cfr(.011,-.001,-.006,.651,.203,-.732,.053,.949,.311,.757,-.242,.606);es="Linear";ed="In";};["Left Arm"]={cf=cfr(-.005,.001,-.004,.818,-.067,.571,-.037,.985,.168,-.574,-.158,.804);es="Linear";ed="In";};["Right Leg"]={cf=cfr(.992,.121,-.586,.762,-.106,.638,.122,.992,.019,-.635,.063,.77);es="Linear";ed="In";};["Left Leg"]={cf=cfr(-.139,-.253,-.011,.941,-.3,.159,.332,.911,-.243,-.071,.281,.957);es="Linear";ed="In";};["Head"]={cf=cfr(0,0,.017,.902,-.427,.056,.43,.901,-.058,-.026,.077,.997);es="Linear";ed="In";};};{tm=.817;["HumanoidRootPart"]={cf=cfr(0,0,0,1,0,0,0,1,0,0,0,1);es="Linear";ed="In";};["Torso"]={cf=cfr(-.022,-.044,-.073,.906,.422,-.028,-.423,.904,-.057,.001,.064,.998);es="Linear";ed="In";};["Right Arm"]={cf=cfr(.011,-.001,-.006,.652,.204,-.73,.055,.948,.314,.756,-.244,.607);es="Linear";ed="In";};["Left Arm"]={cf=cfr(-.005,.001,-.004,.82,-.066,.569,-.038,.985,.17,-.572,-.161,.805);es="Linear";ed="In";};["Right Leg"]={cf=cfr(.99,.121,-.585,.762,-.109,.638,.124,.992,.02,-.635,.064,.77);es="Linear";ed="In";};["Left Leg"]={cf=cfr(-.133,-.252,-.012,.942,-.296,.158,.327,.913,-.244,-.072,.281,.957);es="Linear";ed="In";};["Head"]={cf=cfr(0,0,.017,.902,-.427,.059,.43,.901,-.061,-.027,.08,.996);es="Linear";ed="In";};};{tm=.833;["HumanoidRootPart"]={cf=cfr(0,0,0,1,0,0,0,1,0,0,0,1);es="Linear";ed="In";};["Torso"]={cf=cfr(-.022,-.045,-.071,.906,.422,-.029,-.423,.904,-.059,.001,.066,.998);es="Linear";ed="In";};["Right Arm"]={cf=cfr(.011,-.001,-.006,.654,.205,-.728,.056,.947,.316,.754,-.247,.608);es="Linear";ed="In";};["Left Arm"]={cf=cfr(-.005,.001,-.004,.821,-.066,.567,-.04,.984,.172,-.569,-.164,.806);es="Linear";ed="In";};["Right Leg"]={cf=cfr(.988,.12,-.583,.762,-.111,.638,.127,.992,.022,-.635,.064,.77);es="Linear";ed="In";};["Left Leg"]={cf=cfr(-.128,-.251,-.013,.944,-.291,.158,.322,.915,-.244,-.073,.281,.957);es="Linear";ed="In";};["Head"]={cf=cfr(0,0,.017,.902,-.427,.06,.43,.901,-.063,-.027,.083,.996);es="Linear";ed="In";};};{tm=.85;["HumanoidRootPart"]={cf=cfr(0,0,0,1,0,0,0,1,0,0,0,1);es="Linear";ed="In";};["Torso"]={cf=cfr(-.023,-.046,-.069,.906,.422,-.03,-.423,.904,-.06,.001,.067,.998);es="Linear";ed="In";};["Right Arm"]={cf=cfr(.011,-.001,-.006,.656,.205,-.726,.057,.946,.319,.753,-.251,.609);es="Linear";ed="In";};["Left Arm"]={cf=cfr(-.005,.001,-.005,.823,-.065,.564,-.042,.984,.174,-.567,-.167,.807);es="Linear";ed="In";};["Right Leg"]={cf=cfr(.985,.119,-.581,.761,-.114,.638,.13,.991,.023,-.635,.065,.77);es="Linear";ed="In";};["Left Leg"]={cf=cfr(-.122,-.25,-.014,.945,-.286,.157,.318,.916,-.244,-.075,.28,.957);es="Linear";ed="In";};["Head"]={cf=cfr(0,0,.017,.902,-.427,.062,.43,.9,-.065,-.028,.086,.996);es="Linear";ed="In";};};{tm=.867;["HumanoidRootPart"]={cf=cfr(0,0,0,1,0,0,0,1,0,0,0,1);es="Linear";ed="In";};["Torso"]={cf=cfr(-.023,-.047,-.067,.906,.422,-.03,-.423,.904,-.061,.001,.068,.998);es="Linear";ed="In";};["Right Arm"]={cf=cfr(.011,-.001,-.006,.658,.206,-.724,.058,.945,.322,.751,-.254,.61);es="Linear";ed="In";};["Left Arm"]={cf=cfr(-.005,.001,-.005,.825,-.064,.562,-.044,.983,.177,-.564,-.17,.808);es="Linear";ed="In";};["Right Leg"]={cf=cfr(.983,.118,-.579,.761,-.117,.638,.132,.991,.024,-.635,.067,.77);es="Linear";ed="In";};["Left Leg"]={cf=cfr(-.115,-.25,-.015,.947,-.281,.157,.313,.918,-.244,-.076,.28,.957);es="Linear";ed="In";};["Head"]={cf=cfr(0,0,.017,.902,-.426,.064,.43,.9,-.067,-.029,.088,.996);es="Linear";ed="In";};};{tm=.883;["HumanoidRootPart"]={cf=cfr(0,0,0,1,0,0,0,1,0,0,0,1);es="Linear";ed="In";};["Torso"]={cf=cfr(-.024,-.048,-.065,.906,.422,-.031,-.423,.904,-.062,.001,.069,.998);es="Linear";ed="In";};["Right Arm"]={cf=cfr(.011,-.001,-.006,.66,.206,-.722,.06,.944,.324,.749,-.257,.611);es="Linear";ed="In";};["Left Arm"]={cf=cfr(-.005,.001,-.005,.827,-.064,.559,-.046,.983,.179,-.561,-.174,.809);es="Linear";ed="In";};["Right Leg"]={cf=cfr(.98,.117,-.577,.761,-.12,.638,.135,.991,.024,-.635,.068,.77);es="Linear";ed="In";};["Left Leg"]={cf=cfr(-.108,-.249,-.016,.948,-.276,.157,.308,.92,-.244,-.077,.279,.957);es="Linear";ed="In";};["Head"]={cf=cfr(0,0,.017,.902,-.426,.065,.43,.9,-.069,-.029,.09,.996);es="Linear";ed="In";};};{tm=.9;["HumanoidRootPart"]={cf=cfr(0,0,0,1,0,0,0,1,0,0,0,1);es="Linear";ed="In";};["Torso"]={cf=cfr(-.024,-.049,-.063,.906,.422,-.031,-.423,.904,-.063,.001,.07,.998);es="Linear";ed="In";};["Right Arm"]={cf=cfr(.011,-.001,-.007,.662,.207,-.72,.061,.943,.328,.747,-.261,.612);es="Linear";ed="In";};["Left Arm"]={cf=cfr(-.005,.001,-.005,.829,-.063,.556,-.048,.982,.182,-.558,-.177,.811);es="Linear";ed="In";};["Right Leg"]={cf=cfr(.976,.115,-.574,.76,-.122,.638,.138,.99,.025,-.635,.069,.77);es="Linear";ed="In";};["Left Leg"]={cf=cfr(-.1,-.248,-.017,.95,-.271,.157,.303,.921,-.243,-.078,.279,.957);es="Linear";ed="In";};["Head"]={cf=cfr(0,0,.017,.902,-.426,.066,.43,.9,-.07,-.029,.092,.995);es="Linear";ed="In";};};{tm=.917;["HumanoidRootPart"]={cf=cfr(0,0,0,1,0,0,0,1,0,0,0,1);es="Linear";ed="In";};["Torso"]={cf=cfr(-.024,-.05,-.061,.906,.422,-.031,-.423,.904,-.063,.001,.071,.998);es="Linear";ed="In";};["Right Arm"]={cf=cfr(.011,-.001,-.007,.664,.208,-.718,.063,.942,.331,.745,-.265,.613);es="Linear";ed="In";};["Left Arm"]={cf=cfr(-.005,.001,-.005,.83,-.062,.554,-.05,.981,.185,-.555,-.181,.812);es="Linear";ed="In";};["Right Leg"]={cf=cfr(.972,.112,-.571,.76,-.125,.638,.141,.99,.025,-.635,.071,.77);es="Linear";ed="In";};["Left Leg"]={cf=cfr(-.092,-.247,-.018,.951,-.266,.157,.2