-- // converted using mech's animoduler
local cfr = CFrame.new

return {{tm=0;["HumanoidRootPart"]={cf=cfr(0,0,0,1,0,0,0,1,0,0,0,1);es="Linear";ed="In";};["Torso"]={cf=cfr(-.067,-.378,-.237,.918,.386,-.093,-.381,.792,-.477,-.11,.473,.874);es="Linear";ed="In";};["Right Arm"]={cf=cfr(.063,-.645,.114,.655,-.721,-.226,.698,.463,.546,-.289,-.516,.807);es="Linear";ed="In";};["Handle"]={cf=cfr(0,0,0,1,0,0,0,1,0,0,0,1);es="Linear";ed="In";};["Left Arm"]={cf=cfr(-.403,.01,-1.928,.753,.169,-.636,-.596,.584,-.551,.278,.794,.54);es="Linear";ed="In";};["Right Leg"]={cf=cfr(.861,-.158,-.222,.63,.669,.394,-.76,.636,.134,-.161,-.384,.909);es="Linear";ed="In";};["Left Leg"]={cf=cfr(-.279,.168,.003,.416,.819,.395,-.883,.468,-.038,-.216,-.333,.918);es="Linear";ed="In";};["Head"]={cf=cfr(0,0,.017,.931,-.36,.054,.343,.917,.203,-.122,-.17,.978);es="Linear";ed="In";};};{tm=.017;["HumanoidRootPart"]={cf=cfr(0,0,0,1,0,0,0,1,0,0,0,1);es="Linear";ed="In";};["Torso"]={cf=cfr(-.064,-.372,-.233,.919,.383,-.092,-.378,.794,-.476,-.109,.472,.875);es="Linear";ed="In";};["Right Arm"]={cf=cfr(.063,-.645,.114,.654,-.722,-.227,.698,.459,.549,-.292,-.517,.804);es="Linear";ed="In";};["Handle"]={cf=cfr(0,0,0,1,0,0,0,1,0,0,0,1);es="Linear";ed="In";};["Left Arm"]={cf=cfr(-.403,.01,-1.927,.752,.171,-.637,-.599,.58,-.552,.275,.797,.538);es="Linear";ed="In";};["Right Leg"]={cf=cfr(.88,-.154,-.227,.628,.673,.391,-.762,.634,.132,-.159,-.381,.911);es="Linear";ed="In";};["Left Leg"]={cf=cfr(-.278,.166,.003,.428,.815,.391,-.877,.479,-.039,-.219,-.325,.92);es="Linear";ed="In";};["Head"]={cf=cfr(0,0,.017,.933,-.357,.054,.34,.919,.201,-.121,-.169,.978);es="Linear";ed="In";};};{tm=.033;["HumanoidRootPart"]={cf=cfr(0,0,0,1,0,0,0,1,0,0,0,1);es="Linear";ed="In";};["Torso"]={cf=cfr(-.056,-.357,-.222,.923,.374,-.088,-.369,.8,-.473,-.107,.469,.877);es="Linear";ed="In";};["Right Arm"]={cf=cfr(.063,-.645,.114,.65,-.725,-.228,.698,.45,.558,-.302,-.522,.798);es="Linear";ed="In";};["Handle"]={cf=cfr(0,0,0,1,0,0,0,1,0,0,0,1);es="Linear";ed="In";};["Left Arm"]={cf=cfr(-.403,.01,-1.927,.749,.175,-.639,-.606,.57,-.555,.267,.803,.533);es="Linear";ed="In";};["Right Leg"]={cf=cfr(.932,-.142,-.24,.625,.681,.382,-.765,.631,.128,-.154,-.372,.915);es="Linear";ed="In";};["Left Leg"]={cf=cfr(-.274,.162,.004,.46,.804,.378,-.858,.511,-.042,-.227,-.305,.925);es="Linear";ed="In";};["Head"]={cf=cfr(0,0,.017,.936,-.347,.053,.331,.923,.196,-.117,-.165,.979);es="Linear";ed="In";};};{tm=.05;["HumanoidRootPart"]={cf=cfr(0,0,0,1,0,0,0,1,0,0,0,1);es="Linear";ed="In";};["Torso"]={cf=cfr(-.044,-.334,-.206,.929,.36,-.082,-.355,.809,-.469,-.103,.465,.879);es="Linear";ed="In";};["Right Arm"]={cf=cfr(.063,-.646,.114,.643,-.73,-.231,.697,.434,.57,-.316,-.528,.788);es="Linear";ed="In";};["Handle"]={cf=cfr(0,0,0,1,0,0,0,1,0,0,0,1);es="Linear";ed="In";};["Left Arm"]={cf=cfr(-.403,.009,-1.927,.745,.181,-.641,-.617,.553,-.56,.253,.813,.524);es="Linear";ed="In";};["Right Leg"]={cf=cfr(1.008,-.114,-.257,.624,.689,.369,-.767,.63,.121,-.149,-.358,.922);es="Linear";ed="In";};["Left Leg"]={cf=cfr(-.267,.155,.004,.508,.783,.359,-.828,.559,-.046,-.236,-.274,.932);es="Linear";ed="In";};["Head"]={cf=cfr(0,0,.017,.942,-.332,.053,.317,.929,.188,-.111,-.161,.981);es="Linear";ed="In";};};{tm=.067;["HumanoidRootPart"]={cf=cfr(0,0,0,1,0,0,0,1,0,0,0,1);es="Linear";ed="In";};["Torso"]={cf=cfr(-.029,-.307,-.186,.937,.342,-.074,-.336,.819,-.464,-.098,.46,.883);es="Linear";ed="In";};["Right Arm"]={cf=cfr(.063,-.647,.114,.635,-.736,-.233,.696,.415,.587,-.335,-.535,.776);es="Linear";ed="In";};["Handle"]={cf=cfr(0,0,0,1,0,0,0,1,0,0,0,1);es="Linear";ed="In";};["Left Arm"]={cf=cfr(-.403,.009,-1.926,.74,.19,-.645,-.63,.532,-.566,.236,.825,.514);es="Linear";ed="In";};["Right Leg"]={cf=cfr(1.1,-.061,-.274,.631,.692,.35,-.762,.637,.114,-.144,-.339,.93);es="Linear";ed="In";};["Left Leg"]={cf=cfr(-.259,.146,.004,.568,.752,.334,-.786,.616,-.05,-.244,-.234,.941);es="Linear";ed="In";};["Head"]={cf=cfr(0,0,.017,.948,-.313,.051,.299,.937,.18,-.104,-.155,.982);es="Linear";ed="In";};};{tm=.083;["HumanoidRootPart"]={cf=cfr(0,0,0,1,0,0,0,1,0,0,0,1);es="Linear";ed="In";};["Torso"]={cf=cfr(-.013,-.277,-.165,.945,.32,-.066,-.314,.831,-.46,-.092,.455,.886);es="Linear";ed="In";};["Right Arm"]={cf=cfr(.063,-.648,.114,.626,-.743,-.235,.693,.391,.606,-.358,-.542,.76);es="Linear";ed="In";};["Handle"]={cf=cfr(0,0,0,1,0,0,0,1,0,0,0,1);es="Linear";ed="In";};["Left Arm"]={cf=cfr(-.402,.008,-1.926,.735,.2,-.648,-.644,.507,-.573,.214,.839,.501);es="Linear";ed="In";};["Right Leg"]={cf=cfr(1.197,.022,-.288,.651,.684,.328,-.745,.658,.108,-.142,-.315,.938);es="Linear";ed="In";};["Left Leg"]={cf=cfr(-.247,.136,.003,.635,.709,.306,-.732,.679,-.053,-.246,-.19,.95);es="Linear";ed="In";};["Head"]={cf=cfr(0,0,.017,.956,-.29,.05,.278,.945,.171,-.097,-.149,.984);es="Linear";ed="In";};};{tm=.1;["HumanoidRootPart"]={cf=cfr(0,0,0,1,0,0,0,1,0,0,0,1);es="Linear";ed="In";};["Torso"]={cf=cfr(.002,-.247,-.144,.953,.296,-.059,-.29,.842,-.456,-.086,.452,.888);es="Linear";ed="In";};["Right Arm"]={cf=cfr(.062,-.649,.114,.616,-.751,-.237,.688,.366,.626,-.384,-.549,.742);es="Linear";ed="In";};["Handle"]={cf=cfr(0,0,0,1,0,0,0,1,0,0,0,1);es="Linear";ed="In";};["Left Arm"]={cf=cfr(-.402,.007,-1.925,.729,.211,-.652,-.658,.478,-.581,.189,.853,.487);es="Linear";ed="In";};["Right Leg"]={cf=cfr(1.286,.143,-.294,.688,.66,.302,-.712,.695,.102,-.143,-.286,.948);es="Linear";ed="In";};["Left Leg"]={cf=cfr(-.234,.125,.001,.704,.655,.276,-.668,.742,-.056,-.242,-.145,.96);es="Linear";ed="In";};["Head"]={cf=cfr(0,0,.017,.963,-.264,.049,.253,.954,.163,-.089,-.145,.985);es="Linear";ed="In";};};{tm=.117;["HumanoidRootPart"]={cf=cfr(0,0,0,1,0,0,0,1,0,0,0,1);es="Linear";ed="In";};["Torso"]={cf=cfr(.017,-.22,-.125,.961,.27,-.051,-.263,.852,-.453,-.079,.449,.89);es="Linear";ed="In";};["Right Arm"]={cf=cfr(.062,-.65,.114,.605,-.76,-.239,.682,.339,.648,-.411,-.555,.723);es="Linear";ed="In";};["Handle"]={cf=cfr(0,0,0,1,0,0,0,1,0,0,0,1);es="Linear";ed="In";};["Left Arm"]={cf=cfr(-.401,.006,-1.925,.723,.223,-.654,-.672,.447,-.59,.161,.866,.473);es="Linear";ed="In";};["Right Leg"]={cf=cfr(1.355,.3,-.29,.741,.612,.274,-.655,.749,.099,-.145,-.253,.957);es="Linear";ed="In";};["Left Leg"]={cf=cfr(-.218,.113,-.001,.769,.591,.245,-.596,.801,-.058,-.23,-.101,.968);es="Linear";ed="In";};["Head"]={cf=cfr(0,0,.017,.97,-.237,.047,.227,.961,.156,-.082,-.141,.987);es="Linear";ed="In";};};{tm=.133;["HumanoidRootPart"]={cf=cfr(0,0,0,1,0,0,0,1,0,0,0,1);es="Linear";ed="In";};["Torso"]={cf=cfr(.029,-.198,-.109,.969,.243,-.045,-.237,.86,-.452,-.071,.449,.891);es="Linear";ed="In";};["Right Arm"]={cf=cfr(.062,-.651,.114,.594,-.768,-.239,.674,.313,.67,-.44,-.559,.703);es="Linear";ed="In";};["Handle"]={cf=cfr(0,0,0,1,0,0,0,1,0,0,0,1);es="Linear";ed="In";};["Left Arm"]={cf=cfr(-.401,.005,-1.924,.717,.235,-.656,-.685,.415,-.599,.132,.879,.459);es="Linear";ed="In";};["Right Leg"]={cf=cfr(1.389,.487,-.277,.809,.535,.244,-.569,.816,.097,-.148,-.218,.965);es="Linear";ed="In";};["Left Leg"]={cf=cfr(-.201,.102,-.004,.828,.519,.213,-.519,.853,-.06,-.213,-.061,.975);es="Linear";ed="In";};["Head"]={cf=cfr(0,0,.017,.977,-.209,.046,.2,.968,.153,-.076,-.14,.987);es="Linear";ed="In";};};{tm=.15;["HumanoidRootPart"]={cf=cfr(0,0,0,1,0,0,0,1,0,0,0,1);es="Linear";ed="In";};["Torso"]={cf=cfr(.038,-.184,-.098,.976,.216,-.041,-.211,.865,-.454,-.063,.452,.89);es="Linear";ed="In";};["Right Arm"]={cf=cfr(.061,-.652,.114,.584,-.777,-.237,.663,.287,.691,-.468,-.561,.683);es="Linear";ed="In";};["Handle"]={cf=cfr(0,0,0,1,0,0,0,1,0,0,0,1);es="Linear";ed="In";};["Left Arm"]={cf=cfr(-.401,.004,-1.924,.712,.248,-.657,-.695,.384,-.609,.101,.889,.446);es="Linear";ed="In";};["Right Leg"]={cf=cfr(1.378,.685,-.255,.88,.424,.214,-.451,.887,.097,-.149,-.182,.972);es="Linear";ed="In";};["Left Leg"]={cf=cfr(-.182,.09,-.008,.878,.442,.183,-.439,.897,-.06,-.19,-.027,.981);es="Linear";ed="In";};["Head"]={cf=cfr(0,0,.017,.982,-.181,.045,.173,.973,.153,-.072,-.142,.987);es="Linear";ed="In";};};{tm=.167;["HumanoidRootPart"]={cf=cfr(0,0,0,1,0,0,0,1,0,0,0,1);es="Linear";ed="In";};["Torso"]={cf=cfr(.042,-.181,-.095,.981,.19,-.038,-.186,.868,-.46,-.054,.458,.887);es="Linear";ed="In";};["Right Arm"]={cf=cfr(.061,-.652,.114,.574,-.785,-.234,.652,.265,.711,-.496,-.56,.663);es="Linear";ed="In";};["Handle"]={cf=cfr(0,0,0,1,0,0,0,1,0,0,0,1);es="Linear";ed="In";};["Left Arm"]={cf=cfr(-.4,.003,-1.923,.709,.261,-.655,-.702,.354,-.619,.07,.898,.434);es="Linear";ed="In";};["Right Leg"]={cf=cfr(1.322,.869,-.229,.942,.28,.185,-.301,.948,.098,-.148,-.149,.978);es="Linear";ed="In";};["Left Leg"]={cf=cfr(-.161,.078,-.012,.919,.363,.154,-.357,.932,-.061,-.166,.001,.986);es="Linear";ed="In";};["Head"]={cf=cfr(0,0,.017,.987,-.155,.046,.146,.977,.157,-.069,-.148,.987);es="Linear";ed="In";};};{tm=.183;["HumanoidRootPart"]={cf=cfr(0,0,0,1,0,0,0,1,0,0,0,1);es="Linear";ed="In";};["Torso"]={cf=cfr(.041,-.19,-.1,.985,.166,-.038,-.164,.867,-.47,-.045,.469,.882);es="Linear";ed="In";};["Right Arm"]={cf=cfr(.061,-.653,.114,.565,-.793,-.227,.638,.246,.729,-.522,-.557,.645);es="Linear";ed="In";};["Handle"]={cf=cfr(0,0,0,1,0,0,0,1,0,0,0,1);es="Linear";ed="In";};["Left Arm"]={cf=cfr(-.4,.002,-1.923,.708,.274,-.651,-.705,.326,-.629,.04,.905,.424);es="Linear";ed="In";};["Right Leg"]={cf=cfr(1.235,1.016,-.203,.981,.113,.158,-.13,.986,.101,-.145,-.119,.982);es="Linear";ed="In";};["Left Leg"]={cf=cfr(-.14,.066,-.017,.951,.282,.128,-.276,.959,-.061,-.14,.022,.99);es="Linear";ed="In";};["Head"]={cf=cfr(0,0,.017,.99,-.131,.047,.122,.979,.166,-.068,-.159,.985);es="Linear";ed="In";};};{tm=.2;["HumanoidRootPart"]={cf=cfr(0,0,0,1,0,0,0,1,0,0,0,1);es="Linear";ed="In";};["Torso"]={cf=cfr(.035,-.209,-.112,.989,.144,-.039,-.145,.864,-.483,-.035,.483,.875);es="Linear";ed="In";};["Right Arm"]={cf=cfr(.061,-.654,.114,.558,-.801,-.218,.624,.232,.746,-.547,-.552,.63);es="Linear";ed="In";};["Handle"]={cf=cfr(0,0,0,1,0,0,0,1,0,0,0,1);es="Linear";ed="In";};["Left Arm"]={cf=cfr(-.399,.002,-1.923,.709,.287,-.645,-.705,.303,-.64,.012,.909,.417);es="Linear";ed="In";};["Right Leg"]={cf=cfr(1.134,1.111,-.18,.989,-.063,.134,.049,.993,.103,-.139,-.096,.986);es="Linear";ed="In";};["Left Leg"]={cf=cfr(-.118,.054,-.023,.974,.2,.106,-.195,.979,-.061,-.115,.038,.993);es="Linear";ed="In";};["Head"]={cf=cfr(0,0,.017,.993,-.11,.05,.099,.979,.18,-.069,-.174,.982);es="Linear";ed="In";};};{tm=.217;["HumanoidRootPart"]={cf=cfr(0,0,0,1,0,0,0,1,0,0,0,1);es="Linear";ed="In";};["Torso"]={cf=cfr(.026,-.236,-.13,.991,.124,-.042,-.128,.858,-.498,-.026,.499,.866);es="Linear";ed="In";};["Right Arm"]={cf=cfr(.06,-.654,.115,.553,-.808,-.204,.61,.225,.76,-.568,-.544,.617);es="Linear";ed="In";};["Handle"]={cf=cfr(0,0,0,1,0,0,0,1,0,0,0,1);es="Linear";ed="In";};["Left Arm"]={cf=cfr(-.399,.001,-1.923,.712,.299,-.635,-.702,.286,-.653,-.014,.91,.414);es="Linear";ed="In";};["Right Leg"]={cf=cfr(1.038,1.151,-.161,.965,-.236,.112,.225,.969,.106,-.133,-.077,.988);es="Linear";ed="In";};["Left Leg"]={cf=cfr(-.325,.078,-.007,.996,-.005,.086,.01,.998,-.06,-.085,.06,.995);es="Linear";ed="In";};["Head"]={cf=cfr(0,0,.017,.994,-.091,.054,.078,.977,.196,-.07,-.191,.979);es="Linear";ed="In";};};{tm=.233;["HumanoidRootPart"]={cf=cfr(0,0,0,1,0,0,0,1,0,0,0,1);es="Linear";ed="In";};["Torso"]={cf=cfr(.015,-.267,-.151,.993,.106,-.045,-.114,.85,-.514,-.016,.516,.856);es="Linear";ed="In";};["Right Arm"]={cf=cfr(.06,-.654,.115,.55,-.815,-.185,.595,.226,.771,-.586,-.534,.609);es="Linear";ed="In";};["Handle"]={cf=cfr(0,0,0,1,0,0,0,1,0,0,0,1);es="Linear";ed="In";};["Left Arm"]={cf=cfr(-.399,.001,-1.923,.72,.311,-.621,-.693,.276,-.666,-.036,.909,.414);es="Linear";ed="In";};["Right Leg"]={cf=cfr(.957,1.14,-.145,.914,-.396,.092,.386,.916,.109,-.128,-.064,.99);es="Linear";ed="In";};["Left Leg"]={cf=cfr(-.441,.067,-.007,.985,-.16,.069,.164,.985,-.058,-.059,.069,.996);es="Linear";ed="In";};["Head"]={cf=cfr(0,0,.017,.996,-.074,.059,.06,.975,.214,-.073,-.21,.975);es="Linear";ed="In";};};{tm=.25;["HumanoidRootPart"]={cf=cfr(0,0,0,1,0,0,0,1,0,0,0,1);es="Linear";ed="In";};["Torso"]={cf=cfr(.003,-.302,-.175,.995,.091,-.049,-.103,.841,-.531,-.007,.533,.846);es="Linear";ed="In";};["Right Arm"]={cf=cfr(.06,-.654,.115,.549,-.82,-.161,.581,.236,.779,-.601,-.522,.606);es="Linear";ed="In";};["Handle"]={cf=cfr(0,0,0,1,0,0,0,1,0,0,0,1);es="Linear";ed="In";};["Left Arm"]={cf=cfr(-.398,.001,-1.923,.731,.323,-.602,-.681,.274,-.68,-.054,.906,.42);es="Linear";ed="In";};["Right Leg"]={cf=cfr(.894,1.084,-.13,.839,-.539,.075,.53,.84,.111,-.123,-.053,.991);es="Linear";ed="In";};["Left Leg"]={cf=cfr(-.508,.037,-.013,.957,-.285,.056,.288,.956,-.056,-.038,.07,.997);es="Linear";ed="In";};["Head"]={cf=cfr(0,0,.017,.996,-.06,.064,.044,.972,.233,-.076,-.229,.971);es="Linear";ed="In";};};{tm=.267;["HumanoidRootPart"]={cf=cfr(0,0,0,1,0,0,0,1,0,0,0,1);es="Linear";ed="In";};["Torso"]={cf=cfr(-.009,-.335,-.198,.996,.078,-.053,-.094,.832,-.547,.002,.549,.836);es="Linear";ed="In";};["Right Arm"]={cf=cfr(.059,-.653,.116,.552,-.824,-.131,.567,.255,.783,-.612,-.506,.608);es="Linear";ed="In";};["Handle"]={cf=cfr(0,0,0,1,0,0,0,1,0,0,0,1);es="Linear";ed="In";};["Left Arm"]={cf=cfr(-.398,.001,-1.923,.746,.333,-.577,-.663,.281,-.694,-.069,.9,.43);es="Linear";ed="In";};["Right Leg"]={cf=cfr(.845,.986,-.114,.746,-.663,.062,.655,.747,.113,-.121,-.044,.992);es="Linear";ed="In";};["Left Leg"]={cf=cfr(-.549,-.002,-.022,.92,-.39,.046,.392,.918,-.053,-.021,.067,.998);es="Linear";ed="In";};["Head"]={cf=cfr(0,0,.017,.996,-.049,.069,.031,.968,.25,-.079,-.247,.966);es="Linear";ed="In";};};{tm=.283;["HumanoidRootPart"]={cf=cfr(0,0,0,1,0,0,0,1,0,0,0,1);es="Linear";ed="In";};["Torso"]={cf=cfr(-.02,-.366,-.22,.996,.067,-.056,-.087,.824,-.56,.009,.563,.826);es="Linear";ed="In";};["Right Arm"]={cf=cfr(.059,-.652,.116,.556,-.825,-.096,.554,.282,.783,-.619,-.489,.614);es="Linear";ed="In";};["Handle"]={cf=cfr(0,0,0,1,0,0,0,1,0,0,0,1);es="Linear";ed="In";};["Left Arm"]={cf=cfr(-.398,.002,-1.924,.763,.342,-.548,-.641,.296,-.708,-.08,.892,.445);es="Linear";ed="In";};["Right Leg"]={cf=cfr(.804,.841,-.095,.636,-.77,.051,.762,.637,.114,-.121,-.034,.992);es="Linear";ed="In";};["Left Leg"]={cf=cfr(-.574,-.044,-.03,.877,-.478,.039,.48,.876,-.05,-.01,.063,.998);es="Linear";ed="In";};["Head"]={cf=cfr(0,0,.017,.996,-.041,.073,.02,.964,.266,-.081,-.263,.961);es="Linear";ed="In";};};{tm=.3;["HumanoidRootPart"]={cf=cfr(0,0,0,1,0,0,0,1,0,0,0,1);es="Linear";ed="In";};["Torso"]={cf=cfr(-.029,-.391,-.238,.996,.06,-.059,-.083,.816,-.571,.014,.574,.819);es="Linear";ed="In";};["Right Arm"]={cf=cfr(.059,-.651,.117,.562,-.825,-.059,.542,.314,.779,-.624,-.47,.624);es="Linear";ed="In";};["Handle"]={cf=cfr(0,0,0,1,0,0,0,1,0,0,0,1);es="Linear";ed="In";};["Left Arm"]={cf=cfr(-.398,.002,-1.924,.782,.349,-.517,-.617,.316,-.721,-.088,.882,.462);es="Linear";ed="In";};["Right Leg"]={cf=cfr(.753,.621,-.068,.499,-.866,.044,.858,.5,.115,-.121,-.02,.992);es="Linear";ed="In";};["Left Leg"]={cf=cfr(-.593,-.086,-.036,.833,-.552,.034,.553,.832,-.048,-.002,.059,.998);es="Linear";ed="In";};["Head"]={cf=cfr(0,0,.017,.996,-.035,.077,.012,.96,.278,-.084,-.276,.957);es="Linear";ed="In";};};{tm=.317;["HumanoidRootPart"]={cf=cfr(0,0,0,1,0,0,0,1,0,0,0,1);es="Linear";ed="In";};["Torso"]={cf=cfr(-.036,-.408,-.251,.997,.055,-.061,-.08,.812,-.579,.018,.582,.813);es="Linear";ed="In";};["Right Arm"]={cf=cfr(.059,-.65,.118,.568,-.823,-.021,.532,.347,.773,-.628,-.45,.635);es="Linear";ed="In";};["Handle"]={cf=cfr(0,0,0,1,0,0,0,1,0,0,0,1);es="Linear";ed="In";};["Left Arm"]={cf=cfr(-.398,.003,-1.925,.8,.355,-.483,-.592,.339,-.731,-.095,.871,.481);es="Linear";ed="In";};["Right Leg"]={cf=cfr(.671,.341,-.033,.339,-.94,.04,.933,.341,.114,-.121,-.002,.993);es="Linear";ed="In";};["Left Leg"]={cf=cfr(-.616,-.124,-.041,.788,-.615,.03,.615,.787,-.048,.006,.056,.998);es="Linear";ed="In";};["Head"]={cf=cfr(0,0,.017,.996,-.031,.08,.007,.958,.287,-.085,-.285,.955);es="Linear";ed="In";};};{tm=.333;["HumanoidRootPart"]={cf=cfr(0,0,0,1,0,0,0,1,0,0,0,1);es="Linear";ed="In";};["Torso"]={cf=cfr(-.038,-.415,-.255,.997,.053,-.062,-.079,.81,-.581,.019,.584,.811);es="Linear";ed="In";};["Right Arm"]={cf=cfr(.059,-.649,.118,.574,-.819,.015,.522,.38,.764,-.631,-.43,.645);es="Linear";ed="In";};["Handle"]={cf=cfr(0,0,0,1,0,0,0,1,0,0,0,1);es="Linear";ed="In";};["Left Arm"]={cf=cfr(-.398,.004,-1.925,.818,.359,-.45,-.567,.363,-.74,-.102,.86,.5);es="Linear";ed="In";};["Right Leg"]={cf=cfr(.675,.343,-.033,.344,-.938,.039,.931,.346,.113,-.12,-.002,.993);es="Linear";ed="In";};["Left Leg"]={cf=cfr(-.653,-.158,-.044,.744,-.668,.027,.668,.742,-.051,.014,.056,.998);es="Linear";ed="In";};["Head"]={cf=cfr(0,0,.017,.996,-.03,.081,.005,.957,.29,-.086,-.288,.954);es="Linear";ed="In";};};{tm=.35;["HumanoidRootPart"]={cf=cfr(0,0,0,1,0,0,0,1,0,0,0,1);es="Linear";ed="In";};["Torso"]={cf=cfr(-.036,-.408,-.251,.997,.055,-.061,-.08,.812,-.579,.018,.582,.813);es="Linear";ed="In";};["Right Arm"]={cf=cfr(.059,-.648,.119,.579,-.814,.049,.513,.41,.754,-.634,-.411,.655);es="Linear";ed="In";};["Handle"]={cf=cfr(0,0,0,1,0,0,0,1,0,0,0,1);es="Linear";ed="In";};["Left Arm"]={cf=cfr(-.398,.005,-1.926,.832,.362,-.42,-.544,.385,-.746,-.108,.849,.517);es="Linear";ed="In";};["Right Leg"]={cf=cfr(.671,.34,-.033,.371,-.928,.042,.921,.374,.111,-.119,-.002,.993);es="Linear";ed="In";};["Left Leg"]={cf=cfr(-.709,-.185,-.048,.702,-.712,.023,.712,.7,-.059,.026,.058,.998);es="Linear";ed="In";};["Head"]={cf=cfr(0,0,.017,.996,-.031,.08,.007,.958,.287,-.085,-.285,.955);es="Linear";ed="In";};};{tm=.367;["HumanoidRootPart"]={cf=cfr(0,0,0,1,0,0,0,1,0,0,0,1);es="Linear";ed="In";};["Torso"]={cf=cfr(-.029,-.391,-.238,.996,.06,-.059,-.083,.816,-.571,.014,.574,.819);es="Linear";ed="In";};["Right Arm"]={cf=cfr(.059,-.647,.119,.581,-.81,.077,.506,.434,.745,-.637,-.394,.663);es="Linear";ed="In";};["Handle"]={cf=cfr(0,0,0,1,0,0,0,1,0,0,0,1);es="Linear";ed="In";};["Left Arm"]={cf=cfr(-.398,.005,-1.926,.844,.365,-.394,-.525,.403,-.75,-.115,.839,.532);es="Linear";ed="In";};["Right Leg"]={cf=cfr(.66,.332,-.03,.417,-.908,.049,.901,.42,.107,-.118,-.001,.993);es="Linear";ed="In";};["Left Leg"]={cf=cfr(-.784,-.203,-.052,.664,-.748,.018,.747,.661,-.073,.043,.061,.997);es="Linear";ed="In";};["Head"]={cf=cfr(0,0,.017,.996,-.035,.077,.012,.96,.278,-.084,-.276,.957);es="Linear";ed="In";};};{tm=.383;["HumanoidRootPart"]={cf=cfr(0,0,0,1,0,0,0,1,0,0,0,1);es="Linear";ed="In";};["Torso"]={cf=cfr(-.02,-.366,-.22,.996,.067,-.056,-.087,.824,-.56,.009,.563,.826);es="Linear";ed="In";};["Right Arm"]={cf=cfr(.059,-.646,.12,.581,-.808,.099,.501,.451,.738,-.641,-.38,.667);es="Linear";ed="In";};["Handle"]={cf=cfr(0,0,0,1,0,0,0,1,0,0,0,1);es="Linear";ed="In";};["Left Arm"]={cf=cfr(-.398,.006,-1.926,.851,.37,-.374,-.511,.416,-.752,-.122,.831,.543);es="Linear";ed="In";};["Right Leg"]={cf=cfr(.642,.321,-.027,.476,-.877,.058,.871,.48,.103,-.119,.002,.993);es="Linear";ed="In";};["Left Leg"]={cf=cfr(-.875,-.205,-.055,.634,-.773,.014,.771,.631,-.09,.061,.067,.996);es="Linear";ed="In";};["Head"]={cf=cfr(0,0,.017,.996,-.041,.073,.02,.964,.266,-.081,-.263,.961);es="Linear";ed="In";};};{tm=.4;["HumanoidRootPart"]={cf=cfr(0,0,0,1,0,0,0,1,0,0,0,1);es="Linear";ed="In";};["Torso"]={cf=cfr(-.009,-.335,-.198,.996,.078,-.053,-.094,.832,-.547,.002,.549,.836);es="Linear";ed="In";};["Right Arm"]={cf=cfr(.058,-.646,.12,.578,-.808,.112,.499,.458,.736,-.646,-.37,.668);es="Linear";ed="In";};["Handle"]={cf=cfr(0,0,0,1,0,0,0,1,0,0,0,1);es="Linear";ed="In";};["Left Arm"]={cf=cfr(-.398,.006,-1.927,.853,.376,-.362,-.505,.421,-.754,-.131,.826,.549);es="Linear";ed="In";};["Right Leg"]={cf=cfr(.619,.307,-.023,.544,-.836,.071,.83,.549,.099,-.121,.005,.993);es="Linear";ed="In";};["Left Leg"]={cf=cfr(-.975,-.183,-.052,.618,-.786,.012,.782,.614,-.108,.077,.076,.994);es="Linear";ed="In";};["Head"]={cf=cfr(0,0,.017,.996,-.049,.069,.031,.968,.25,-.079,-.247,.966);es="Linear";ed="In";};};{tm=.417;["HumanoidRootPart"]={cf=cfr(0,0,0,1,0,0,0,1,0,0,0,1);es="Linear";ed="In";};["Torso"]={cf=cfr(.003,-.302,-.175,.995,.091,-.049,-.103,.841,-.531,-.007,.533,.846);es="Linear";ed="In";};["Right Arm"]={cf=cfr(.058,-.646,.12,.57,-.814,.114,.498,.453,.74,-.653,-.365,.663);es="Linear";ed="In";};["Handle"]={cf=cfr(0,0,0,1,0,0,0,1,0,0,0,1);es="Linear";ed="In";};["Left Arm"]={cf=cfr(-.398,.006,-1.927,.85,.384,-.361,-.508,.415,-.754,-.14,.824,.548);es="Linear";ed="In";};["Right Leg"]={cf=cfr(.591,.29,-.018,.616,-.783,.086,.777,.622,.094,-.127,.009,.992);es="Linear";ed="In";};["Left Leg"]={cf=cfr(-1.075,-.128,-.041,.621,-.784,.015,.779,.615,-.125,.089,.089,.992);es="Linear";ed="In";};["Head"]={cf=cfr(0,0,.017,.996,-.06,.064,.044,.972,.233,-.076,-.229,.971);es="Linear";ed="In";};};{tm=.433;["HumanoidRootPart"]={cf=cfr(0,0,0,1,0,0,0,1,0,0,0,1);es="Linear";ed="In";};["Torso"]={cf=cfr(.015,-.267,-.151,.993,.106,-.045,-.114,.85,-.514,-.016,.516,.856);es="Linear";ed="In";};["Right Arm"]={cf=cfr(.058,-.647,.12,.558,-.823,.104,.5,.434,.75,-.662,-.366,.654);es="Linear";ed="In";};["Handle"]={cf=cfr(0,0,0,1,0,0,0,1,0,0,0,1);es="Linear";ed="In";};["Left Arm"]={cf=cfr(-.397,.005,-1.926,.84,.396,-.371,-.521,.399,-.755,-.151,.827,.541);es="Linear";ed="In";};["Right Leg"]={cf=cfr(.56,.271,-.013,.688,-.718,.104,.713,.696,.089,-.136,.013,.991);es="Linear";ed="In";};["Left Leg"]={cf=cfr(-1.166,-.033,-.014,.648,-.762,.023,.757,.639,-.139,.091,.107,.99);es="Linear";ed="In";};["Head"]={cf=cfr(0,0,.017,.996,-.074,.059,.06,.975,.214,-.073,-.21,.975);es="Linear";ed="In";};};{tm=.45;["HumanoidRootPart"]={cf=cfr(0,0,0,1,0,0,0,1,0,0,0,1);es="Linear";ed="In";};["Torso"]={cf=cfr(.026,-.236,-.13,.991,.124,-.042,-.128,.858,-.498,-.026,.499,.866);es="Linear";ed="In";};["Right Arm"]={cf=cfr(.058,-.648,.12,.542,-.836,.085,.504,.404,.764,-.672,-.372,.64);es="Linear";ed="In";};["Handle"]={cf=cfr(0,0,0,1,0,0,0,1,0,0,0,1);es="Linear";ed="In";};["Left Arm"]={cf=cfr(-.397,.004,-1.926,.825,.409,-.391,-.542,.373,-.753,-.162,.833,.529);es="Linear";ed="In";};["Right Leg"]={cf=cfr(.526,.25,-.007,.756,-.643,.124,.637,.766,.084,-.149,.015,.989);es="Linear";ed="In";};["Left Leg"]={cf=cfr(-1.232,.104,.027,.699,-.714,.038,.711,.688,-.147,.079,.13,.988);es="Linear";ed="In";};["Head"]={cf=cfr(0,0,.017,.994,-.091,.054,.078,.977,.196,-.07,-.191,.979);es="Linear";ed="In";};};{tm=.467;["HumanoidRootPart"]={cf=cfr(0,0,0,1,0,0,0,1,0,0,0,1);es="Linear";ed="In";};["Torso"]={cf=cfr(.035,-.209,-.112,.989,.144,-.039,-.145,.864,-.483,-.035,.483,.875);es="Linear";ed="In";};["Right Arm"]={cf=cfr(.057,-.649,.12,.526,-.849,.056,.509,.367,.779,-.682,-.381,.625);es="Linear";ed="In";};["Handle"]={cf=cfr(0,0,0,1,0,0,0,1,0,0,0,1);es="Linear";ed="In";};["Left Arm"]={cf=cfr(-.396,.003,-1.926,.805,.42,-.419,-.567,.341,-.749,-.172,.841,.513);es="Linear";ed="In";};["Right Leg"]={cf=cfr(.491,.229,-.001,.817,-.558,.146,.553,.829,.08,-.166,.015,.986);es="Linear";ed="In";};["Left Leg"]={cf=cfr(-1.259,.277,.082,.77,-.635,.058,.636,.757,-.15,.051,.152,.987);es="Linear";ed="In";};["Head"]={cf=cfr(0,0,.017,.993,-.11,.05,.099,.979,.18,-.069,-.174,.982);es="Linear";ed="In";};};{tm=.483;["HumanoidRootPart"]={cf=cfr(0,0,0,1,0,0,0,1,0,0,0,1);es="Linear";ed="In";};["Torso"]={cf=cfr(.041,-.19,-.1,.985,.166,-.038,-.164,.867,-.47,-.045,.469,.882);es="Linear";ed="In";};["Right Arm"]={cf=cfr(.057,-.651,.12,.509,-.86,.021,.516,.325,.792,-.688,-.393,.61);es="Linear";ed="In";};["Handle"]={cf=cfr(0,0,0,1,0,0,0,1,0,0,0,1);es="Linear";ed="In";};["Left Arm"]={cf=cfr(-.396,.002,-1.925,.783,.428,-.451,-.595,.308,-.742,-.178,.85,.496);es="Linear";ed="In";};["Right Leg"]={cf=cfr(.455,.207,.005,.868,-.467,.17,.461,.884,.077,-.187,.011,.982);es="Linear";ed="In";};["Left Leg"]={cf=cfr(-1.235,.465,.138,.85,-.52,.084,.527,.837,-.147,.006,.169,.986);es="Linear";ed="In";};["Head"]={cf=cfr(0,0,.017,.99,-.131,.047,.122,.979,.166,-.068,-.159,.985);es="Linear";ed="In";};};{tm=.5;["HumanoidRootPart"]={cf=cfr(0,0,0,1,0,0,0,1,0,0,0,1);es="Linear";ed="In";};["Torso"]={cf=cfr(.042,-.181,-.095,.981,.19,-.038,-.186,.868,-.46,-.054,.458,.887);es="Linear";ed="In";};["Right Arm"]={cf=cfr(.057,-.652,.119,.496,-.868,-.017,.526,.284,.802,-.691,-.407,.597);es="Linear";ed="In";};["Handle"]={cf=cfr(0,0,0,1,0,0,0,1,0,0,0,1);es="Linear";ed="In";};["Left Arm"]={cf=cfr(-.396,.001,-1.925,.761,.43,-.486,-.624,.277,-.731,-.18,.859,.48);es="Linear";ed="In";};["Right Leg"]={cf=cfr(.419,.186,.011,.908,-.371,.197,.363,.929,.076,-.211,.002,.978);es="Linear";ed="In";};["Left Leg"]={cf=cfr(-1.161,.642,.186,.921,-.372,.115,.386,.912,-.139,-.053,.172,.984);es="Linear";ed="In";};["Head"]={cf=cfr(0,0,.017,.987,-.155,.046,.146,.977,.157,-.069,-.148,.987);es="Linear";ed="In";};};{tm=.517;["HumanoidRootPart"]={cf=cfr(0,0,0,1,0,0,0,1,0,0,0,1);es="Linear";ed="In";};["Torso"]={cf=cfr(.038,-.184,-.098,.976,.216,-.041,-.211,.865,-.454,-.063,.452,.89);es="Linear";ed="In";};["Right Arm"]={cf=cfr(.057,-.654,.119,.486,-.872,-.057,.538,.247,.806,-.689,-.422,.589);es="Linear";ed="In";};["Handle"]={cf=cfr(0,0,0,1,0,0,0,1,0,0,0,1);es="Linear";ed="In";};["Left Arm"]={cf=cfr(-.395,0,-1.925,.739,.427,-.521,-.651,.253,-.716,-.174,.868,.465);es="Linear";ed="In";};["Right Leg"]={cf=cfr(.613,.239,-.043,.963,-.148,.224,.134,.988,.077,-.233,-.044,.971);es="Linear";ed="In";};["Left Leg"]={cf=cfr(-1.053,.782,.216,.968,-.201,.15,.221,.967,-.127,-.119,.156,.981);es="Linear";ed="In";};["Head"]={cf=cfr(0,0,.017,.982,-.181,.045,.173,.973,.153,-.072,-.142,.987);es="Linear";ed="In";};};{tm=.533;["HumanoidRootPart"]={cf=cfr(0,0,0,1,0,0,0,1,0,0,0,1);es="Linear";ed="In";};["Torso"]={cf=cfr(.029,-.198,-.109,.969,.243,-.045,-.237,.86,-.452,-.071,.449,.891);es="Linear";ed="In";};["Right Arm"]={cf=cfr(.058,-.655,.118,.482,-.871,-.095,.554,.219,.803,-.679,-.44,.588);es="Linear";ed="In";};["Handle"]={cf=cfr(0,0,0,1,0,0,0,1,0,0,0,1);es="Linear";ed="In";};["Left Arm"]={cf=cfr(-.396,0,-1.924,.721,.418,-.553,-.675,.24,-.698,-.159,.876,.455);es="Linear";ed="In";};["Right Leg"]={cf=cfr(.775,.252,-.1,.966,.06,.253,-.082,.993,.079,-.247,-.097,.964);es="Linear";ed="In";};["Left Leg"]={cf=cfr(-.932,.868,.225,.982,-.024,.187,.046,.993,-.112,-.183,.119,.976);es="Linear";ed="In";};["Head"]={cf=cfr(0,0,.017,.977,-.209,.046,.2,.968,.153,-.076,-.14,.987);es="Linear";ed="In";};};{tm=.55;["HumanoidRootPart"]={cf=cfr(0,0,0,1,0,0,0,1,0,0,0,1);es="Linear";ed="In";};["Torso"]={cf=cfr(.017,-.22,-.125,.961,.27,-.051,-.263,.852,-.453,-.079,.449,.89);es="Linear";ed="In";};["Right Arm"]={cf=cfr(.058,-.655,.117,.485,-.865,-.13,.575,.204,.793,-.659,-.459,.596);es="Linear";ed="In";};["Handle"]={cf=cfr(0,0,0,1,0,0,0,1,0,0,0,1);es="Linear";ed="In";};["Left Arm"]={cf=cfr(-.396,0,-1.924,.708,.401,-.581,-.694,.242,-.678,-.131,.884,.449);es="Linear";ed="In";};["Right Leg"]={cf=cfr(.868,.217,-.145,.933,.225,.281,-.257,.963,.084,-.252,-.151,.956);es="Linear";ed="In";};["Left Leg"]={cf=cfr(-.816,.897,.217,.963,.147,.226,-.128,.987,-.097,-.237,.065,.969);es="Linear";ed="In";};["Head"]={cf=cfr(0,0,.017,.97,-.237,.047,.227,.961,.156,-.082,-.141,.987);es="Linear";ed="In";};};{tm=.567;["HumanoidRootPart"]={cf=cfr(0,0,0,1,0,0,0,1,0,0,0,1);es="Linear";ed="In";};["Torso"]={cf=cfr(.002,-.247,-.144,.953,.296,-.059,-.29,.842,-.456,-.086,.452,.888);es="Linear";ed="In";};["Right Arm"]={cf=cfr(.059,-.655,.117,.498,-.853,-.159,.6,.206,.773,-.626,-.48,.614);es="Linear";ed="In";};["Handle"]={cf=cfr(0,0,0,1,0,0,0,1,0,0,0,1);es="Linear";ed="In";};["Left Arm"]={cf=cfr(-.397,0,-1.924,.702,.377,-.604,-.706,.262,-.658,-.089,.888,.45);es="Linear";ed="In";};["Right Leg"]={cf=cfr(.92,.155,-.182,.881,.36,.308,-.403,.911,.09,-.248,-.204,.947);es="Linear";ed="In";};["Left Leg"]={cf=cfr(-.711,.872,.196,.915,.305,.263,-.294,.952,-.083,-.276,-.001,.961);es="Linear";ed="In";};["Head"]={cf=cfr(0,0,.017,.963,-.264,.049,.253,.954,.163,-.089,-.145,.985);es="Linear";ed="In";};};{tm=.583;["HumanoidRootPart"]={cf=cfr(0,0,0,1,0,0,0,1,0,0,0,1);es="Linear";ed="In";};["Torso"]={cf=cfr(-.013,-.277,-.165,.945,.32,-.066,-.314,.831,-.46,-.092,.455,.886);es="Linear";ed="In";};["Right Arm"]={cf=cfr(.059,-.654,.116,.52,-.835,-.181,.629,.231,.743,-.578,-.5,.645);es="Linear";ed="In";};["Handle"]={cf=cfr(0,0,0,1,0,0,0,1,0,0,0,1);es="Linear";ed="In";};["Left Arm"]={cf=cfr(-.398,.002,-1.924,.705,.344,-.62,-.708,.306,-.636,-.029,.888,.46);es="Linear";ed="In";};["Right Leg"]={cf=cfr(.941,.08,-.208,.82,.467,.333,-.522,.847,.098,-.236,-.254,.938);es="Linear";ed="In";};["Left Leg"]={cf=cfr(-.617,.798,.167,.843,.447,.298,-.448,.892,-.07,-.297,-.074,.952);es="Linear";ed="In";};["Head"]={cf=cfr(0,0,.017,.956,-.29,.05,.278,.945,.171,-.097,-.149,.984);es="Linear";ed="In";};};{tm=.6;["HumanoidRootPart"]={cf=cfr(0,0,0,1,0,0,0,1,0,0,0,1);es="Linear";ed="In";};["Torso"]={cf=cfr(-.029,-.307,-.186,.937,.342,-.074,-.336,.819,-.464,-.098,.46,.883);es="Linear";ed="In";};["Right Arm"]={cf=cfr(.06,-.652,.115,.553,-.81,-.196,.658,.28,.7,-.512,-.516,.687);es="Linear";ed="In";};["Handle"]={cf=cfr(0,0,0,1,0,0,0,1,0,0,0,1);es="Linear";ed="In";};["Left Arm"]={cf=cfr(-.399,.004,-1.924,.716,.302,-.629,-.696,.372,-.614,.048,.877,.477);es="Linear";ed="In";};["Right Leg"]={cf=cfr(.936,.003,-.224,.759,.547,.354,-.614,.782,.108,-.218,-.299,.929);es="Linear";ed="In";};["Left Leg"]={cf=cfr(-.53,.676,.132,.751,.572,.33,-.588,.806,-.059,-.3,-.15,.942);es="Linear";ed="In";};["Head"]={cf=cfr(0,0,.017,.948,-.313,.051,.299,.937,.18,-.104,-.155,.982);es="Linear";ed="In";};};{tm=.617;["HumanoidRootPart"]={cf=cfr(0,0,0,1,0,0,0,1,0,0,0,1);es="Linear";ed="In";};["Torso"]={cf=cfr(-.044,-.334,-.206,.929,.36,-.082,-.355,.809,-.469,-.103,.465,.879);es="Linear";ed="In";};["Right Arm"]={cf=cfr(.061,-.65,.115,.59,-.781,-.208,.68,.341,.649,-.436,-.524,.732);es="Linear";ed="In";};["Handle"]={cf=cfr(0,0,0,1,0,0,0,1,0,0,0,1);es="Linear";ed="In";};["Left Arm"]={cf=cfr(-.4,.006,-1.925,.73,.257,-.633,-.67,.448,-.592,.132,.857,.499);es="Linear";ed="In";};["Right Leg"]={cf=cfr(.916,-.064,-.229,.705,.604,.371,-.681,.723,.117,-.198,-.335,.921);es="Linear";ed="In";};["Left Leg"]={cf=cfr(-.437,.496,.087,.635,.685,.356,-.719,.693,-.05,-.281,-.225,.933);es="Linear";ed="In";};["Head"]={cf=cfr(0,0,.017,.942,-.332,.053,.317,.929,.188,-.111,-.161,.981);es="Linear";ed="In";};};{tm=.633;["HumanoidRootPart"]={cf=cfr(0,0,0,1,0,0,0,1,0,0,0,1);es="Linear";ed="In";};["Torso"]={cf=cfr(-.056,-.357,-.222,.923,.374,-.088,-.369,.8,-.473,-.107,.469,.877);es="Linear";ed="In";};["Right Arm"]={cf=cfr(.062,-.647,.114,.623,-.752,-.217,.693,.401,.599,-.364,-.524,.77);es="Linear";ed="In";};["Handle"]={cf=cfr(0,0,0,1,0,0,0,1,0,0,0,1);es="Linear";ed="In";};["Left Arm"]={cf=cfr(-.402,.008,-1.926,.742,.214,-.635,-.638,.516,-.572,.206,.829,.519);es="Linear";ed="In";};["Right Leg"]={cf=cfr(.89,-.115,-.228,.665,.641,.383,-.725,.677,.125,-.179,-.361,.915);es="Linear";ed="In";};["Left Leg"]={cf=cfr(-.275,.161,.004,.446,.812,.377,-.867,.497,-.044,-.223,-.307,.925);es="Linear";ed="In";};["Head"]={cf=cfr(0,0,.017,.936,-.347,.053,.331,.923,.196,-.117,-.165,.979);es="Linear";ed="In";};};{tm=.65;["HumanoidRootPart"]={cf=cfr(0,0,0,1,0,0,0,1,0,0,0,1);es="Linear";ed="In";};["Torso"]={cf=cfr(-.064,-.372,-.233,.919,.383,-.092,-.378,.794,-.476,-.109,.472,.875);es="Linear";ed="In";};["Right Arm"]={cf=cfr(.063,-.646,.114,.646,-.73,-.224,.698,.445,.561,-.31,-.519,.797);es="Linear";ed="In";};["Handle"]={cf=cfr(0,0,0,1,0,0,0,1,0,0,0,1);es="Linear";ed="In";};["Left Arm"]={cf=cfr(-.403,.01,-1.927,.75,.182,-.636,-.609,.565,-.557,.258,.805,.534);es="Linear";ed="In";};["Right Leg"]={cf=cfr(.869,-.147,-.224,.639,.662,.391,-.751,.647,.132,-.166,-.378,.911);es="Linear";ed="In";};["Left Leg"]={cf=cfr(-.278,.166,.004,.424,.817,.39,-.879,.475,-.04,-.218,-.326,.92);es="Linear";ed="In";};["Head"]={cf=cfr(0,0,.017,.933,-.357,.054,.34,.919,.201,-.121,-.169,.978);es="Linear";ed="In";};};{tm=.667;["HumanoidRootPart"]={cf=cfr(0,0,0,1,0,0,0,1,0,0,0,1);es="Linear";ed="In";};["Torso"]={cf=cfr(-.067,-.378,-.237,.918,.386,-.093,-.381,.792,-.477,-.11,.473,.874);es="Linear";ed="In";};["Right Arm"]={cf=cfr(.063,-.645,.114,.655,-.721,-.226,.698,.463,.546,-.289,-.516,.807);es="Linear";ed="In";};["Handle"]={cf=cfr(0,0,0,1,0,0,0,1,0,0,0,1);es="Linear";ed="In";};["Left Arm"]={cf=cfr(-.403,.01,-1.928,.753,.169,-.636,-.596,.584,-.551,.278,.794,.54);es="Linear";ed="In";};["Right Leg"]={cf=cfr(.861,-.158,-.222,.63,.669,.394,-.76,.636,.134,-.161,-.384,.909);es="Linear";ed="In";};["Left Leg"]={cf=cfr(-.279,.168,.003,.416,.819,.395,-.883,.468,-.038,-.216,-.333,.918);es="Linear";ed="In";};["Head"]={cf=cfr(0,0,.017,.931,-.36,.054,.343,.917,.203,-.122,-.17,.978);es="Linear";ed="In";};};}
