-- // converted using mech's animoduler
local cfr = CFrame.new

return {{tm=0;["HumanoidRootPart"]={cf=cfr(0,0,0,1,0,0,0,1,0,0,0,1);es="Linear";ed="In";};["Torso"]={cf=cfr(-.049,-.07,-.14,.723,.687,-.072,-.69,.716,-.103,-.019,.124,.992);es="Linear";ed="In";};["Right Arm"]={cf=cfr(.059,-.642,.124,.576,-.782,.239,.508,.571,.645,-.641,-.25,.726);es="Linear";ed="In";};["Handle"]={cf=cfr(0,0,0,1,0,0,0,1,0,0,0,1);es="Linear";ed="In";};["Blade"]={cf=cfr(0,0,0,1,0,0,0,1,0,0,0,1);es="Linear";ed="In";};["Left Arm"]={cf=cfr(-.398,.01,-1.93,.889,.391,-.238,-.431,.542,-.721,-.153,.744,.651);es="Linear";ed="In";};["Right Leg"]={cf=cfr(.122,.183,.048,.937,.025,-.348,.043,.981,.187,.346,-.19,.919);es="Linear";ed="In";};["Left Leg"]={cf=cfr(.111,.188,.122,.645,-.023,.764,-.04,.997,.063,-.763,-.071,.642);es="Linear";ed="In";};["Head"]={cf=cfr(0,0,.017,.804,-.594,-.008,.592,.803,-.07,.048,.051,.998);es="Linear";ed="In";};};{tm=.017;["HumanoidRootPart"]={cf=cfr(0,0,0,1,0,0,0,1,0,0,0,1);es="Linear";ed="In";};["Torso"]={cf=cfr(-.047,-.069,-.139,.723,.688,-.069,-.691,.716,-.101,-.02,.12,.993);es="Linear";ed="In";};["Right Arm"]={cf=cfr(.059,-.642,.124,.576,-.781,.239,.507,.572,.645,-.64,-.251,.726);es="Linear";ed="In";};["Handle"]={cf=cfr(0,0,0,1,0,0,0,1,0,0,0,1);es="Linear";ed="In";};["Blade"]={cf=cfr(0,0,0,1,0,0,0,1,0,0,0,1);es="Linear";ed="In";};["Left Arm"]={cf=cfr(-.398,.01,-1.93,.889,.391,-.238,-.431,.542,-.721,-.153,.744,.651);es="Linear";ed="In";};["Right Leg"]={cf=cfr(.122,.182,.048,.938,.027,-.346,.04,.982,.186,.344,-.189,.92);es="Linear";ed="In";};["Left Leg"]={cf=cfr(.11,.19,.123,.644,-.027,.764,-.037,.997,.067,-.764,-.072,.641);es="Linear";ed="In";};["Head"]={cf=cfr(0,0,.017,.803,-.595,-.009,.593,.802,-.073,.051,.053,.997);es="Linear";ed="In";};};{tm=.033;["HumanoidRootPart"]={cf=cfr(0,0,0,1,0,0,0,1,0,0,0,1);es="Linear";ed="In";};["Torso"]={cf=cfr(-.044,-.068,-.139,.722,.689,-.065,-.692,.715,-.099,-.022,.117,.993);es="Linear";ed="In";};["Right Arm"]={cf=cfr(.059,-.642,.124,.577,-.781,.239,.507,.572,.645,-.64,-.251,.726);es="Linear";ed="In";};["Handle"]={cf=cfr(0,0,0,1,0,0,0,1,0,0,0,1);es="Linear";ed="In";};["Blade"]={cf=cfr(0,0,0,1,0,0,0,1,0,0,0,1);es="Linear";ed="In";};["Left Arm"]={cf=cfr(-.398,.01,-1.93,.889,.391,-.238,-.431,.542,-.721,-.153,.744,.65);es="Linear";ed="In";};["Right Leg"]={cf=cfr(.122,.18,.048,.938,.03,-.344,.037,.982,.186,.343,-.188,.92);es="Linear";ed="In";};["Left Leg"]={cf=cfr(.109,.192,.124,.643,-.032,.765,-.035,.997,.071,-.765,-.072,.64);es="Linear";ed="In";};["Head"]={cf=cfr(0,0,.017,.802,-.597,-.01,.594,.8,-.076,.053,.055,.997);es="Linear";ed="In";};};{tm=.05;["HumanoidRootPart"]={cf=cfr(0,0,0,1,0,0,0,1,0,0,0,1);es="Linear";ed="In";};["Torso"]={cf=cfr(-.041,-.066,-.139,.721,.69,-.062,-.692,.715,-.097,-.023,.113,.993);es="Linear";ed="In";};["Right Arm"]={cf=cfr(.059,-.642,.124,.578,-.781,.239,.506,.572,.645,-.64,-.252,.726);es="Linear";ed="In";};["Handle"]={cf=cfr(0,0,0,1,0,0,0,1,0,0,0,1);es="Linear";ed="In";};["Blade"]={cf=cfr(0,0,0,1,0,0,0,1,0,0,0,1);es="Linear";ed="In";};["Left Arm"]={cf=cfr(-.398,.01,-1.929,.889,.391,-.238,-.431,.541,-.722,-.153,.745,.649);es="Linear";ed="In";};["Right Leg"]={cf=cfr(.123,.179,.048,.939,.033,-.342,.033,.982,.187,.342,-.187,.921);es="Linear";ed="In";};["Left Leg"]={cf=cfr(.107,.194,.125,.643,-.038,.765,-.032,.997,.076,-.766,-.073,.639);es="Linear";ed="In";};["Head"]={cf=cfr(0,0,.017,.801,-.598,-.01,.596,.799,-.08,.056,.058,.997);es="Linear";ed="In";};};{tm=.067;["HumanoidRootPart"]={cf=cfr(0,0,0,1,0,0,0,1,0,0,0,1);es="Linear";ed="In";};["Torso"]={cf=cfr(-.039,-.064,-.139,.721,.691,-.059,-.693,.715,-.095,-.024,.109,.994);es="Linear";ed="In";};["Right Arm"]={cf=cfr(.059,-.642,.124,.579,-.78,.239,.506,.573,.645,-.64,-.253,.726);es="Linear";ed="In";};["Handle"]={cf=cfr(0,0,0,1,0,0,0,1,0,0,0,1);es="Linear";ed="In";};["Blade"]={cf=cfr(0,0,0,1,0,0,0,1,0,0,0,1);es="Linear";ed="In";};["Left Arm"]={cf=cfr(-.398,.01,-1.929,.889,.391,-.239,-.431,.539,-.723,-.154,.746,.648);es="Linear";ed="In";};["Right Leg"]={cf=cfr(.124,.178,.048,.94,.037,-.341,.029,.982,.187,.341,-.186,.921);es="Linear";ed="In";};["Left Leg"]={cf=cfr(.106,.196,.126,.642,-.043,.766,-.029,.996,.08,-.766,-.073,.638);es="Linear";ed="In";};["Head"]={cf=cfr(0,0,.017,.8,-.6,-.011,.597,.798,-.083,.058,.06,.996);es="Linear";ed="In";};};{tm=.083;["HumanoidRootPart"]={cf=cfr(0,0,0,1,0,0,0,1,0,0,0,1);es="Linear";ed="In";};["Torso"]={cf=cfr(-.036,-.062,-.139,.72,.692,-.056,-.694,.714,-.093,-.025,.105,.994);es="Linear";ed="In";};["Right Arm"]={cf=cfr(.059,-.642,.124,.58,-.779,.239,.505,.574,.645,-.64,-.254,.726);es="Linear";ed="In";};["Handle"]={cf=cfr(0,0,0,1,0,0,0,1,0,0,0,1);es="Linear";ed="In";};["Blade"]={cf=cfr(0,0,0,1,0,0,0,1,0,0,0,1);es="Linear";ed="In";};["Left Arm"]={cf=cfr(-.398,.01,-1.929,.889,.391,-.239,-.431,.538,-.724,-.154,.747,.647);es="Linear";ed="In";};["Right Leg"]={cf=cfr(.126,.177,.048,.94,.041,-.339,.025,.982,.188,.34,-.185,.922);es="Linear";ed="In";};["Left Leg"]={cf=cfr(.105,.198,.127,.641,-.048,.766,-.025,.996,.084,-.767,-.073,.637);es="Linear";ed="In";};["Head"]={cf=cfr(0,0,.017,.799,-.602,-.011,.599,.796,-.086,.061,.062,.996);es="Linear";ed="In";};};{tm=.1;["HumanoidRootPart"]={cf=cfr(0,0,0,1,0,0,0,1,0,0,0,1);es="Linear";ed="In";};["Torso"]={cf=cfr(-.033,-.061,-.14,.719,.693,-.052,-.694,.714,-.091,-.025,.102,.995);es="Linear";ed="In";};["Right Arm"]={cf=cfr(.059,-.642,.124,.581,-.778,.239,.503,.574,.646,-.639,-.255,.725);es="Linear";ed="In";};["Handle"]={cf=cfr(0,0,0,1,0,0,0,1,0,0,0,1);es="Linear";ed="In";};["Blade"]={cf=cfr(0,0,0,1,0,0,0,1,0,0,0,1);es="Linear";ed="In";};["Left Arm"]={cf=cfr(-.398,.01,-1.928,.889,.391,-.24,-.431,.536,-.726,-.155,.749,.645);es="Linear";ed="In";};["Right Leg"]={cf=cfr(.128,.176,.048,.94,.045,-.337,.021,.982,.188,.34,-.184,.922);es="Linear";ed="In";};["Left Leg"]={cf=cfr(.103,.2,.128,.64,-.053,.766,-.022,.996,.088,-.768,-.073,.636);es="Linear";ed="In";};["Head"]={cf=cfr(0,0,.017,.797,-.603,-.011,.6,.795,-.089,.063,.065,.996);es="Linear";ed="In";};};{tm=.117;["HumanoidRootPart"]={cf=cfr(0,0,0,1,0,0,0,1,0,0,0,1);es="Linear";ed="In";};["Torso"]={cf=cfr(-.031,-.059,-.14,.719,.694,-.05,-.695,.714,-.088,-.026,.098,.995);es="Linear";ed="In";};["Right Arm"]={cf=cfr(.059,-.642,.123,.583,-.777,.239,.502,.575,.646,-.639,-.257,.725);es="Linear";ed="In";};["Handle"]={cf=cfr(0,0,0,1,0,0,0,1,0,0,0,1);es="Linear";ed="In";};["Blade"]={cf=cfr(0,0,0,1,0,0,0,1,0,0,0,1);es="Linear";ed="In";};["Left Arm"]={cf=cfr(-.397,.01,-1.928,.889,.391,-.24,-.431,.534,-.727,-.156,.75,.643);es="Linear";ed="In";};["Right Leg"]={cf=cfr(.13,.176,.048,.941,.049,-.336,.016,.982,.189,.339,-.184,.923);es="Linear";ed="In";};["Left Leg"]={cf=cfr(.101,.202,.129,.64,-.058,.767,-.019,.996,.091,-.769,-.073,.636);es="Linear";ed="In";};["Head"]={cf=cfr(0,0,.017,.796,-.605,-.011,.602,.793,-.092,.064,.067,.996);es="Linear";ed="In";};};{tm=.133;["HumanoidRootPart"]={cf=cfr(0,0,0,1,0,0,0,1,0,0,0,1);es="Linear";ed="In";};["Torso"]={cf=cfr(-.029,-.057,-.14,.718,.694,-.047,-.695,.713,-.086,-.026,.094,.995);es="Linear";ed="In";};["Right Arm"]={cf=cfr(.059,-.642,.123,.585,-.775,.239,.5,.576,.646,-.639,-.258,.725);es="Linear";ed="In";};["Handle"]={cf=cfr(0,0,0,1,0,0,0,1,0,0,0,1);es="Linear";ed="In";};["Blade"]={cf=cfr(0,0,0,1,0,0,0,1,0,0,0,1);es="Linear";ed="In";};["Left Arm"]={cf=cfr(-.397,.011,-1.927,.888,.39,-.241,-.431,.531,-.729,-.157,.752,.64);es="Linear";ed="In";};["Right Leg"]={cf=cfr(.133,.176,.049,.941,.054,-.334,.012,.982,.19,.338,-.183,.923);es="Linear";ed="In";};["Left Leg"]={cf=cfr(.1,.204,.13,.639,-.064,.767,-.015,.995,.095,-.769,-.072,.635);es="Linear";ed="In";};["Head"]={cf=cfr(0,0,.017,.794,-.607,-.01,.604,.792,-.095,.066,.069,.995);es="Linear";ed="In";};};{tm=.15;["HumanoidRootPart"]={cf=cfr(0,0,0,1,0,0,0,1,0,0,0,1);es="Linear";ed="In";};["Torso"]={cf=cfr(-.026,-.055,-.141,.718,.695,-.044,-.696,.713,-.083,-.027,.09,.996);es="Linear";ed="In";};["Right Arm"]={cf=cfr(.059,-.642,.123,.587,-.774,.239,.498,.577,.647,-.638,-.26,.724);es="Linear";ed="In";};["Handle"]={cf=cfr(0,0,0,1,0,0,0,1,0,0,0,1);es="Linear";ed="In";};["Blade"]={cf=cfr(0,0,0,1,0,0,0,1,0,0,0,1);es="Linear";ed="In";};["Left Arm"]={cf=cfr(-.397,.011,-1.927,.888,.39,-.242,-.431,.528,-.731,-.158,.754,.638);es="Linear";ed="In";};["Right Leg"]={cf=cfr(.136,.176,.049,.941,.058,-.333,.007,.982,.191,.338,-.182,.923);es="Linear";ed="In";};["Left Leg"]={cf=cfr(.098,.206,.132,.638,-.069,.767,-.012,.995,.099,-.77,-.072,.634);es="Linear";ed="In";};["Head"]={cf=cfr(0,0,.017,.793,-.609,-.01,.606,.79,-.098,.067,.072,.995);es="Linear";ed="In";};};{tm=.167;["HumanoidRootPart"]={cf=cfr(0,0,0,1,0,0,0,1,0,0,0,1);es="Linear";ed="In";};["Torso"]={cf=cfr(-.024,-.053,-.142,.717,.696,-.041,-.697,.713,-.081,-.027,.087,.996);es="Linear";ed="In";};["Right Arm"]={cf=cfr(.059,-.642,.123,.589,-.772,.239,.497,.578,.647,-.638,-.262,.724);es="Linear";ed="In";};["Handle"]={cf=cfr(0,0,0,1,0,0,0,1,0,0,0,1);es="Linear";ed="In";};["Blade"]={cf=cfr(0,0,0,1,0,0,0,1,0,0,0,1);es="Linear";ed="In";};["Left Arm"]={cf=cfr(-.396,.011,-1.926,.888,.39,-.243,-.431,.525,-.733,-.159,.756,.635);es="Linear";ed="In";};["Right Leg"]={cf=cfr(.14,.176,.05,.941,.063,-.331,.002,.981,.192,.337,-.182,.924);es="Linear";ed="In";};["Left Leg"]={cf=cfr(.096,.207,.133,.637,-.074,.767,-.008,.995,.102,-.77,-.071,.634);es="Linear";ed="In";};["Head"]={cf=cfr(0,0,.017,.791,-.611,-.009,.608,.788,-.1,.068,.074,.995);es="Linear";ed="In";};};{tm=.183;["HumanoidRootPart"]={cf=cfr(0,0,0,1,0,0,0,1,0,0,0,1);es="Linear";ed="In";};["Torso"]={cf=cfr(-.022,-.051,-.142,.717,.696,-.039,-.697,.713,-.079,-.027,.083,.996);es="Linear";ed="In";};["Right Arm"]={cf=cfr(.059,-.642,.123,.591,-.771,.239,.494,.58,.648,-.638,-.265,.723);es="Linear";ed="In";};["Handle"]={cf=cfr(0,0,0,1,0,0,0,1,0,0,0,1);es="Linear";ed="In";};["Blade"]={cf=cfr(0,0,0,1,0,0,0,1,0,0,0,1);es="Linear";ed="In";};["Left Arm"]={cf=cfr(-.396,.011,-1.925,.888,.39,-.244,-.431,.522,-.736,-.16,.758,.632);es="Linear";ed="In";};["Right Leg"]={cf=cfr(.143,.177,.051,.942,.068,-.33,-.003,.981,.194,.337,-.181,.924);es="Linear";ed="In";};["Left Leg"]={cf=cfr(.095,.209,.134,.637,-.078,.767,-.004,.994,.105,-.771,-.07,.633);es="Linear";ed="In";};["Head"]={cf=cfr(0,0,.017,.79,-.613,-.008,.61,.786,-.103,.069,.076,.995);es="Linear";ed="In";};};{tm=.2;["HumanoidRootPart"]={cf=cfr(0,0,0,1,0,0,0,1,0,0,0,1);es="Linear";ed="In";};["Torso"]={cf=cfr(-.02,-.049,-.143,.716,.697,-.037,-.697,.713,-.076,-.027,.08,.996);es="Linear";ed="In";};["Right Arm"]={cf=cfr(.059,-.642,.123,.593,-.769,.239,.492,.581,.648,-.637,-.267,.723);es="Linear";ed="In";};["Handle"]={cf=cfr(0,0,0,1,0,0,0,1,0,0,0,1);es="Linear";ed="In";};["Blade"]={cf=cfr(0,0,0,1,0,0,0,1,0,0,0,1);es="Linear";ed="In";};["Left Arm"]={cf=cfr(-.395,.012,-1.925,.888,.39,-.245,-.431,.519,-.738,-.161,.761,.629);es="Linear";ed="In";};["Right Leg"]={cf=cfr(.147,.177,.051,.942,.073,-.329,-.008,.981,.195,.337,-.181,.924);es="Linear";ed="In";};["Left Leg"]={cf=cfr(.093,.21,.136,.636,-.083,.767,-.001,.994,.108,-.772,-.069,.632);es="Linear";ed="In";};["Head"]={cf=cfr(0,0,.017,.788,-.615,-.007,.612,.784,-.105,.07,.079,.994);es="Linear";ed="In";};};{tm=.217;["HumanoidRootPart"]={cf=cfr(0,0,0,1,0,0,0,1,0,0,0,1);es="Linear";ed="In";};["Torso"]={cf=cfr(-.019,-.047,-.144,.716,.698,-.034,-.698,.712,-.074,-.027,.077,.997);es="Linear";ed="In";};["Right Arm"]={cf=cfr(.059,-.642,.123,.595,-.767,.239,.49,.582,.649,-.637,-.269,.722);es="Linear";ed="In";};["Handle"]={cf=cfr(0,0,0,1,0,0,0,1,0,0,0,1);es="Linear";ed="In";};["Blade"]={cf=cfr(0,0,0,1,0,0,0,1,0,0,0,1);es="Linear";ed="In";};["Left Arm"]={cf=cfr(-.395,.012,-1.924,.887,.39,-.245,-.431,.515,-.741,-.163,.763,.626);es="Linear";ed="In";};["Right Leg"]={cf=cfr(.151,.178,.052,.942,.078,-.328,-.013,.98,.196,.337,-.181,.924);es="Linear";ed="In";};["Left Leg"]={cf=cfr(.091,.212,.138,.636,-.088,.767,.003,.994,.111,-.772,-.068,.632);es="Linear";ed="In";};["Head"]={cf=cfr(0,0,.017,.786,-.618,-.005,.614,.782,-.107,.07,.081,.994);es="Linear";ed="In";};};{tm=.233;["HumanoidRootPart"]={cf=cfr(0,0,0,1,0,0,0,1,0,0,0,1);es="Linear";ed="In";};["Torso"]={cf=cfr(-.017,-.045,-.145,.715,.698,-.032,-.698,.712,-.072,-.027,.074,.997);es="Linear";ed="In";};["Right Arm"]={cf=cfr(.059,-.642,.123,.597,-.766,.239,.488,.583,.65,-.637,-.272,.721);es="Linear";ed="In";};["Handle"]={cf=cfr(0,0,0,1,0,0,0,1,0,0,0,1);es="Linear";ed="In";};["Blade"]={cf=cfr(0,0,0,1,0,0,0,1,0,0,0,1);es="Linear";ed="In";};["Left Arm"]={cf=cfr(-.394,.012,-1.923,.887,.391,-.246,-.432,.511,-.743,-.164,.766,.622);es="Linear";ed="In";};["Right Leg"]={cf=cfr(.156,.179,.053,.942,.083,-.327,-.017,.98,.198,.336,-.18,.924);es="Linear";ed="In";};["Left Leg"]={cf=cfr(.089,.213,.139,.635,-.092,.767,.006,.993,.114,-.772,-.067,.631);es="Linear";ed="In";};["Head"]={cf=cfr(0,0,.017,.785,-.62,-.004,.616,.78,-.109,.071,.083,.994);es="Linear";ed="In";};};{tm=.25;["HumanoidRootPart"]={cf=cfr(0,0,0,1,0,0,0,1,0,0,0,1);es="Linear";ed="In";};["Torso"]={cf=cfr(-.016,-.043,-.146,.715,.698,-.031,-.699,.712,-.069,-.027,.071,.997);es="Linear";ed="In";};["Right Arm"]={cf=cfr(.059,-.642,.123,.599,-.764,.239,.485,.584,.651,-.637,-.274,.721);es="Linear";ed="In";};["Handle"]={cf=cfr(0,0,0,1,0,0,0,1,0,0,0,1);es="Linear";ed="In";};["Blade"]={cf=cfr(0,0,0,1,0,0,0,1,0,0,0,1);es="Linear";ed="In";};["Left Arm"]={cf=cfr(-.394,.012,-1.922,.887,.391,-.247,-.432,.507,-.746,-.166,.768,.619);es="Linear";ed="In";};["Right Leg"]={cf=cfr(.16,.18,.054,.941,.088,-.326,-.022,.98,.199,.336,-.18,.924);es="Linear";ed="In";};["Left Leg"]={cf=cfr(.087,.214,.141,.634,-.096,.767,.01,.993,.116,-.773,-.066,.631);es="Linear";ed="In";};["Head"]={cf=cfr(0,0,.017,.783,-.622,-.003,.618,.779,-.111,.071,.085,.994);es="Linear";ed="In";};};{tm=.267;["HumanoidRootPart"]={cf=cfr(0,0,0,1,0,0,0,1,0,0,0,1);es="Linear";ed="In";};["Torso"]={cf=cfr(-.014,-.041,-.148,.715,.699,-.029,-.699,.712,-.067,-.026,.068,.997);es="Linear";ed="In";};["Right Arm"]={cf=cfr(.059,-.642,.123,.601,-.763,.239,.483,.585,.652,-.637,-.277,.72);es="Linear";ed="In";};["Handle"]={cf=cfr(0,0,0,1,0,0,0,1,0,0,0,1);es="Linear";ed="In";};["Blade"]={cf=cfr(0,0,0,1,0,0,0,1,0,0,0,1);es="Linear";ed="In";};["Left Arm"]={cf=cfr(-.393,.013,-1.921,.886,.391,-.248,-.432,.503,-.749,-.168,.771,.615);es="Linear";ed="In";};["Right Leg"]={cf=cfr(.165,.181,.055,.941,.092,-.325,-.027,.979,.201,.336,-.18,.924);es="Linear";ed="In";};["Left Leg"]={cf=cfr(.085,.216,.143,.634,-.1,.767,.014,.993,.118,-.773,-.065,.631);es="Linear";ed="In";};["Head"]={cf=cfr(0,0,.017,.782,-.624,-.001,.62,.777,-.112,.071,.087,.994);es="Linear";ed="In";};};{tm=.283;["HumanoidRootPart"]={cf=cfr(0,0,0,1,0,0,0,1,0,0,0,1);es="Linear";ed="In";};["Torso"]={cf=cfr(-.013,-.039,-.149,.714,.699,-.027,-.699,.712,-.065,-.026,.066,.998);es="Linear";ed="In";};["Right Arm"]={cf=cfr(.059,-.642,.123,.603,-.761,.239,.48,.586,.653,-.637,-.279,.719);es="Linear";ed="In";};["Handle"]={cf=cfr(0,0,0,1,0,0,0,1,0,0,0,1);es="Linear";ed="In";};["Blade"]={cf=cfr(0,0,0,1,0,0,0,1,0,0,0,1);es="Linear";ed="In";};["Left Arm"]={cf=cfr(-.393,.013,-1.92,.886,.391,-.249,-.432,.499,-.751,-.17,.773,.611);es="Linear";ed="In";};["Right Leg"]={cf=cfr(.17,.182,.056,.941,.097,-.324,-.032,.979,.202,.337,-.18,.924);es="Linear";ed="In";};["Left Leg"]={cf=cfr(.083,.217,.144,.633,-.104,.767,.017,.993,.121,-.774,-.063,.631);es="Linear";ed="In";};["Head"]={cf=cfr(0,0,.017,.78,-.626,.001,.622,.775,-.114,.071,.089,.993);es="Linear";ed="In";};};{tm=.3;["HumanoidRootPart"]={cf=cfr(0,0,0,1,0,0,0,1,0,0,0,1);es="Linear";ed="In";};["Torso"]={cf=cfr(-.012,-.038,-.15,.714,.699,-.026,-.699,.712,-.063,-.026,.063,.998);es="Linear";ed="In";};["Right Arm"]={cf=cfr(.059,-.641,.123,.605,-.759,.239,.478,.586,.654,-.637,-.282,.718);es="Linear";ed="In";};["Handle"]={cf=cfr(0,0,0,1,0,0,0,1,0,0,0,1);es="Linear";ed="In";};["Blade"]={cf=cfr(0,0,0,1,0,0,0,1,0,0,0,1);es="Linear";ed="In";};["Left Arm"]={cf=cfr(-.392,.013,-1.919,.885,.392,-.25,-.432,.495,-.754,-.172,.776,.607);es="Linear";ed="In";};["Right Leg"]={cf=cfr(.175,.184,.057,.941,.102,-.323,-.036,.978,.204,.337,-.18,.924);es="Linear";ed="In";};["Left Leg"]={cf=cfr(.081,.218,.146,.633,-.108,.767,.02,.992,.122,-.774,-.062,.63);es="Linear";ed="In";};["Head"]={cf=cfr(0,0,.017,.778,-.628,.003,.624,.773,-.115,.07,.091,.993);es="Linear";ed="In";};};{tm=.317;["HumanoidRootPart"]={cf=cfr(0,0,0,1,0,0,0,1,0,0,0,1);es="Linear";ed="In";};["Torso"]={cf=cfr(-.011,-.036,-.152,.714,.7,-.025,-.7,.712,-.061,-.025,.061,.998);es="Linear";ed="In";};["Right Arm"]={cf=cfr(.059,-.641,.123,.607,-.758,.239,.475,.587,.656,-.637,-.285,.716);es="Linear";ed="In";};["Handle"]={cf=cfr(0,0,0,1,0,0,0,1,0,0,0,1);es="Linear";ed="In";};["Blade"]={cf=cfr(0,0,0,1,0,0,0,1,0,0,0,1);es="Linear";ed="In";};["Left Arm"]={cf=cfr(-.392,.014,-1.918,.885,.392,-.251,-.432,.491,-.757,-.174,.778,.604);es="Linear";ed="In";};["Right Leg"]={cf=cfr(.18,.185,.058,.941,.107,-.322,-.041,.978,.205,.337,-.18,.924);es="Linear";ed="In";};["Left Leg"]={cf=cfr(.079,.219,.148,.633,-.111,.767,.024,.992,.124,-.774,-.06,.63);es="Linear";ed="In";};["Head"]={cf=cfr(0,0,.017,.777,-.63,.004,.626,.771,-.116,.07,.093,.993);es="Linear";ed="In";};};{tm=.333;["HumanoidRootPart"]={cf=cfr(0,0,0,1,0,0,0,1,0,0,0,1);es="Linear";ed="In";};["Torso"]={cf=cfr(-.01,-.034,-.153,.714,.7,-.024,-.7,.712,-.059,-.024,.059,.998);es="Linear";ed="In";};["Right Arm"]={cf=cfr(.059,-.641,.123,.609,-.757,.239,.472,.588,.657,-.637,-.287,.715);es="Linear";ed="In";};["Handle"]={cf=cfr(0,0,0,1,0,0,0,1,0,0,0,1);es="Linear";ed="In";};["Blade"]={cf=cfr(0,0,0,1,0,0,0,1,0,0,0,1);es="Linear";ed="In";};["Left Arm"]={cf=cfr(-.391,.014,-1.917,.885,.393,-.252,-.432,.486,-.76,-.176,.781,.6);es="Linear";ed="In";};["Right Leg"]={cf=cfr(.185,.187,.059,.94,.111,-.322,-.045,.977,.207,.337,-.18,.924);es="Linear";ed="In";};["Left Leg"]={cf=cfr(.077,.22,.15,.632,-.114,.766,.027,.992,.125,-.774,-.059,.63);es="Linear";ed="In";};["Head"]={cf=cfr(0,0,.017,.775,-.631,.006,.628,.77,-.117,.069,.095,.993);es="Linear";ed="In";};};{tm=.35;["HumanoidRootPart"]={cf=cfr(0,0,0,1,0,0,0,1,0,0,0,1);es="Linear";ed="In";};["Torso"]={cf=cfr(-.009,-.033,-.155,.714,.7,-.023,-.7,.712,-.058,-.024,.058,.998);es="Linear";ed="In";};["Right Arm"]={cf=cfr(.059,-.641,.122,.61,-.755,.239,.47,.588,.659,-.638,-.29,.714);es="Linear";ed="In";};["Handle"]={cf=cfr(0,0,0,1,0,0,0,1,0,0,0,1);es="Linear";ed="In";};["Blade"]={cf=cfr(0,0,0,1,0,0,0,1,0,0,0,1);es="Linear";ed="In";};["Left Arm"]={cf=cfr(-.39,.014,-1.916,.884,.393,-.253,-.432,.482,-.762,-.178,.783,.596);es="Linear";ed="In";};["Right Leg"]={cf=cfr(.191,.189,.06,.94,.115,-.321,-.049,.977,.208,.338,-.18,.924);es="Linear";ed="In";};["Left Leg"]={cf=cfr(.075,.221,.152,.632,-.117,.766,.03,.992,.126,-.775,-.057,.63);es="Linear";ed="In";};["Head"]={cf=cfr(0,0,.017,.774,-.633,.008,.63,.768,-.118,.068,.097,.993);es="Linear";ed="In";};};{tm=.367;["HumanoidRootPart"]={cf=cfr(0,0,0,1,0,0,0,1,0,0,0,1);es="Linear";ed="In";};["Torso"]={cf=cfr(-.009,-.032,-.156,.713,.7,-.023,-.7,.712,-.056,-.023,.056,.998);es="Linear";ed="In";};["Right Arm"]={cf=cfr(.06,-.641,.122,.612,-.754,.239,.467,.588,.66,-.639,-.292,.712);es="Linear";ed="In";};["Handle"]={cf=cfr(0,0,0,1,0,0,0,1,0,0,0,1);es="Linear";ed="In";};["Blade"]={cf=cfr(0,0,0,1,0,0,0,1,0,0,0,1);es="Linear";ed="In";};["Left Arm"]={cf=cfr(-.39,.015,-1.915,.883,.394,-.253,-.432,.477,-.765,-.18,.785,.592);es="Linear";ed="In";};["Right Leg"]={cf=cfr(.196,.191,.061,.94,.119,-.321,-.052,.976,.21,.338,-.18,.924);es="Linear";ed="In";};["Left Leg"]={cf=cfr(.073,.222,.154,.631,-.119,.766,.033,.991,.127,-.775,-.055,.63);es="Linear";ed="In";};["Head"]={cf=cfr(0,0,.017,.773,-.635,.011,.631,.766,-.119,.067,.099,.993);es="Linear";ed="In";};};{tm=.383;["HumanoidRootPart"]={cf=cfr(0,0,0,1,0,0,0,1,0,0,0,1);es="Linear";ed="In";};["Torso"]={cf=cfr(-.009,-.03,-.158,.713,.701,-.023,-.701,.712,-.055,-.022,.055,.998);es="Linear";ed="In";};["Right Arm"]={cf=cfr(.06,-.641,.122,.613,-.753,.239,.465,.588,.662,-.639,-.294,.71);es="Linear";ed="In";};["Handle"]={cf=cfr(0,0,0,1,0,0,0,1,0,0,0,1);es="Linear";ed="In";};["Blade"]={cf=cfr(0,0,0,1,0,0,0,1,0,0,0,1);es="Linear";ed="In";};["Left Arm"]={cf=cfr(-.389,.015,-1.914,.883,.395,-.254,-.432,.473,-.768,-.183,.788,.588);es="Linear";ed="In";};["Right Leg"]={cf=cfr(.201,.193,.062,.939,.123,-.32,-.056,.976,.211,.338,-.18,.924);es="Linear";ed="In";};["Left Leg"]={cf=cfr(.071,.223,.156,.631,-.122,.766,.036,.991,.128,-.775,-.053,.63);es="Linear";ed="In";};["Head"]={cf=cfr(0,0,.017,.771,-.636,.013,.633,.765,-.12,.066,.1,.993);es="Linear";ed="In";};};{tm=.4;["HumanoidRootPart"]={cf=cfr(0,0,0,1,0,0,0,1,0,0,0,1);es="Linear";ed="In";};["Torso"]={cf=cfr(-.009,-.029,-.16,.713,.701,-.023,-.701,.711,-.054,-.021,.054,.998);es="Linear";ed="In";};["Right Arm"]={cf=cfr(.06,-.642,.122,.613,-.753,.239,.462,.588,.664,-.64,-.297,.709);es="Linear";ed="In";};["Handle"]={cf=cfr(0,0,0,1,0,0,0,1,0,0,0,1);es="Linear";ed="In";};["Blade"]={cf=cfr(0,0,0,1,0,0,0,1,0,0,0,1);es="Linear";ed="In";};["Left Arm"]={cf=cfr(-.388,.016,-1.913,.882,.396,-.255,-.433,.469,-.77,-.185,.79,.585);es="Linear";ed="In";};["Right Leg"]={cf=cfr(.207,.195,.063,.939,.127,-.32,-.059,.975,.212,.339,-.181,.923);es="Linear";ed="In";};["Left Leg"]={cf=cfr(.069,.224,.158,.631,-.124,.766,.039,.991,.128,-.775,-.051,.63);es="Linear";ed="In";};["Head"]={cf=cfr(0,0,.017,.77,-.638,.015,.635,.763,-.12,.065,.102,.993);es="Linear";ed="In";};};{tm=.417;["HumanoidRootPart"]={cf=cfr(0,0,0,1,0,0,0,1,0,0,0,1);es="Linear";ed="In";};["Torso"]={cf=cfr(-.009,-.028,-.162,.713,.701,-.023,-.701,.711,-.053,-.021,.053,.998);es="Linear";ed="In";};["Right Arm"]={cf=cfr(.06,-.642,.122,.614,-.752,.24,.46,.588,.666,-.641,-.299,.707);es="Linear";ed="In";};["Handle"]={cf=cfr(0,0,0,1,0,0,0,1,0,0,0,1);es="Linear";ed="In";};["Blade"]={cf=cfr(0,0,0,1,0,0,0,1,0,0,0,1);es="Linear";ed="In";};["Left Arm"]={cf=cfr(-.388,.016,-1.912,.882,.397,-.255,-.433,.464,-.773,-.188,.792,.581);es="Linear";ed="In";};["Right Leg"]={cf=cfr(.212,.197,.065,.939,.13,-.319,-.062,.975,.214,.339,-.181,.923);es="Linear";ed="In";};["Left Leg"]={cf=cfr(.067,.224,.16,.63,-.125,.766,.041,.991,.128,-.775,-.049,.63);es="Linear";ed="In";};["Head"]={cf=cfr(0,0,.017,.769,-.639,.017,.636,.762,-.12,.064,.103,.993);es="Linear";ed="In";};};{tm=.433;["HumanoidRootPart"]={cf=cfr(0,0,0,1,0,0,0,1,0,0,0,1);es="Linear";ed="In";};["Torso"]={cf=cfr(-.009,-.027,-.164,.713,.701,-.023,-.701,.711,-.052,-.02,.053,.998);es="Linear";ed="In";};["Right Arm"]={cf=cfr(.06,-.642,.122,.614,-.752,.24,.457,.587,.668,-.643,-.301,.704);es="Linear";ed="In";};["Handle"]={cf=cfr(0,0,0,1,0,0,0,1,0,0,0,1);es="Linear";ed="In";};["Blade"]={cf=cfr(0,0,0,1,0,0,0,1,0,0,0,1);es="Linear";ed="In";};["Left Arm"]={cf=cfr(-.387,.016,-1.91,.881,.398,-.256,-.433,.46,-.775,-.191,.794,.578);es="Linear";ed="In";};["Right Leg"]={cf=cfr(.218,.2,.066,.938,.133,-.319,-.065,.974,.215,.339,-.181,.923);es="Linear";ed="In";};["Left Leg"]={cf=cfr(.065,.225,.163,.63,-.127,.766,.043,.991,.128,-.776,-.047,.629);es="Linear";ed="In";};["Head"]={cf=cfr(0,0,.017,.768,-.641,.019,.638,.761,-.12,.062,.105,.993);es="Linear";ed="In";};};{tm=.45;["HumanoidRootPart"]={cf=cfr(0,0,0,1,0,0,0,1,0,0,0,1);es="Linear";ed="In";};["Torso"]={cf=cfr(-.009,-.027,-.166,.712,.701,-.024,-.701,.711,-.051,-.019,.053,.998);es="Linear";ed="In";};["Right Arm"]={cf=cfr(.06,-.642,.122,.614,-.752,.24,.455,.586,.67,-.644,-.303,.702);es="Linear";ed="In";};["Handle"]={cf=cfr(0,0,0,1,0,0,0,1,0,0,0,1);es="Linear";ed="In";};["Blade"]={cf=cfr(0,0,0,1,0,0,0,1,0,0,0,1);es="Linear";ed="In";};["Left Arm"]={cf=cfr(-.386,.017,-1.909,.88,.4,-.256,-.433,.456,-.777,-.194,.795,.575);es="Linear";ed="In";};["Right Leg"]={cf=cfr(.223,.202,.067,.938,.135,-.319,-.067,.974,.216,.34,-.181,.923);es="Linear";ed="In";};["Left Leg"]={cf=cfr(.064,.226,.165,.629,-.127,.767,.046,.991,.127,-.776,-.045,.629);es="Linear";ed="In";};["Head"]={cf=cfr(0,0,.017,.767,-.642,.022,.639,.76,-.12,.061,.106,.993);es="Linear";ed="In";};};{tm=.467;["HumanoidRootPart"]={cf=cfr(0,0,0,1,0,0,0,1,0,0,0,1);es="Linear";ed="In";};["Torso"]={cf=cfr(-.01,-.026,-.168,.712,.701,-.025,-.702,.711,-.051,-.018,.054,.998);es="Linear";ed="In";};["Right Arm"]={cf=cfr(.06,-.642,.122,.614,-.752,.24,.453,.585,.673,-.646,-.304,.7);es="Linear";ed="In";};["Handle"]={cf=cfr(0,0,0,1,0,0,0,1,0,0,0,1);es="Linear";ed="In";};["Blade"]={cf=cfr(0,0,0,1,0,0,0,1,0,0,0,1);es="Linear";ed="In";};["Left Arm"]={cf=cfr(-.386,.017,-1.908,.879,.401,-.257,-.434,.452,-.779,-.197,.797,.571);es="Linear";ed="In";};["Right Leg"]={cf=cfr(.228,.205,.068,.938,.137,-.319,-.069,.974,.217,.34,-.182,.923);es="Linear";ed="In";};["Left Leg"]={cf=cfr(.062,.227,.167,.629,-.128,.767,.048,.991,.126,-.776,-.043,.629);es="Linear";ed="In";};["Head"]={cf=cfr(0,0,.017,.766,-.643,.024,.641,.758,-.12,.059,.107,.993);es="Linear";ed="In";};};{tm=.483;["HumanoidRootPart"]={cf=cfr(0,0,0,1,0,0,0,1,0,0,0,1);es="Linear";ed="In";};["Torso"]={cf=cfr(-.011,-.026,-.17,.712,.702,-.026,-.702,.71,-.051,-.017,.055,.998);es="Linear";ed="In";};["Right Arm"]={cf=cfr(.06,-.642,.122,.613,-.752,.24,.451,.584,.675,-.648,-.306,.697);es="Linear";ed="In";};["Handle"]={cf=cfr(0,0,0,1,0,0,0,1,0,0,0,1);es="Linear";ed="In";};["Blade"]={cf=cfr(0,0,0,1,0,0,0,1,0,0,0,1);es="Linear";ed="In";};["Left Arm"]={cf=cfr(-.385,.018,-1.907,.879,.403,-.257,-.434,.448,-.782,-.2,.798,.569);es="Linear";ed="In";};["Right Leg"]={cf=cfr(.234,.208,.069,.938,.139,-.318,-.07,.974,.218,.34,-.182,.923);es="Linear";ed="In";};["Left Leg"]={cf=cfr(.061,.228,.169,.628,-.128,.767,.049,.991,.125,-.776,-.041,.629);es="Linear";ed="In";};["Head"]={cf=cfr(0,0,.017,.765,-.644,.026,.642,.757,-.119,.057,.108,.993);es="Linear";ed="In";};};{tm=.5;["HumanoidRootPart"]={cf=cfr(0,0,0,1,0,0,0,1,0,0,0,1);es="Linear";ed="In";};["Torso"]={cf=cfr(-.012,-.026,-.172,.712,.702,-.028,-.702,.71,-.052,-.017,.056,.998);es="Linear";ed="In";};["Right Arm"]={cf=cfr(.06,-.642,.122,.612,-.753,.241,.449,.582,.678,-.651,-.307,.695);es="Linear";ed="In";};["Handle"]={cf=cfr(0,0,0,1,0,0,0,1,0,0,0,1);es="Linear";ed="In";};["Blade"]={cf=cfr(0,0,0,1,0,0,0,1,0,0,0,1);es="Linear";ed="In";};["Left Arm"]={cf=cfr(-.384,.018,-1.906,.878,.405,-.257,-.434,.445,-.783,-.203,.799,.566);es="Linear";ed="In";};["Right Leg"]={cf=cfr(.239,.211,.07,.938,.139,-.318,-.071,.973,.218,.34,-.182,.923);es="Linear";ed="In";};["Left Leg"]={cf=cfr(.059,.229,.172,.628,-.128,.768,.05,.991,.124,-.777,-.039,.629);es="Linear";ed="In";};["Head"]={cf=cfr(0,0,.017,.764,-.645,.028,.643,.757,-.118,.055,.108,.993);es="Linear";ed="In";};};{tm=.517;["HumanoidRootPart"]={cf=cfr(0,0,0,1,0,0,0,1,0,0,0,1);es="Linear";ed="In";};["Torso"]={cf=cfr(-.013,-.027,-.174,.711,.702,-.03,-.703,.71,-.052,-.016,.058,.998);es="Linear";ed="In";};["Right Arm"]={cf=cfr(.059,-.642,.122,.611,-.754,.241,.447,.58,.681,-.653,-.308,.692);es="Linear";ed="In";};["Handle"]={cf=cfr(0,0,0,1,0,0,0,1,0,0,0,1);es="Linear";ed="In";};["Blade"]={cf=cfr(0,0,0,1,0,0,0,1,0,0,0,1);es="Linear";ed="In";};["Left Arm"]={cf=cfr(-.383,.019,-1.905,.877,.407,-.257,-.435,.441,-.785,-.206,.8,.563);es="Linear";ed="In";};["Right Leg"]={cf=cfr(.244,.214,.071,.938,.14,-.318,-.071,.973,.218,.34,-.182,.922);es="Linear";ed="In";};["Left Leg"]={cf=cfr(.058,.23,.174,.627,-.127,.768,.051,.991,.122,-.777,-.037,.628);es="Linear";ed="In";};["Head"]={cf=cfr(0,0,.017,.763,-.645,.03,.644,.756,-.117,.053,.109,.993);es="Linear";ed="In";};};{tm=.533;["HumanoidRootPart"]={cf=cfr(0,0,0,1,0,0,0,1,0,0,0,1);es="Linear";ed="In";};["Torso"]={cf=cfr(-.015,-.028,-.177,.711,.703,-.032,-.703,.709,-.054,-.015,.06,.998);es="Linear";ed="In";};["Right Arm"]={cf=cfr(.059,-.642,.122,.609,-.756,.241,.446,.578,.684,-.656,-.309,.689);es="Linear";ed="In";};["Handle"]={cf=cfr(0,0,0,1,0,0,0,1,0,0,0,1);es="Linear";ed="In";};["Blade"]={cf=cfr(0,0,0,1,0,0,0,1,0,0,0,1);es="Linear";ed="In";};["Left Arm"]={cf=cfr(-.383,.019,-1.904,.876,.409,-.257,-.435,.438,-.787,-.209,.801,.561);es="Linear";ed="In";};["Right Leg"]={cf=cfr(.248,.217,.072,.938,.139,-.318,-.071,.973,.219,.34,-.182,.922);es="Linear";ed="In";};["Left Leg"]={cf=cfr(.057,.231,.177,.627,-.125,.769,.052,.992,.119,-.777,-.035,.628);es="Linear";ed="In";};["Head"]={cf=cfr(0,0,.017,.763,-.646,.032,.645,.756,-.115,.05,.109,.993);es="Linear";ed="In";};};{tm=.55;["HumanoidRootPart"]={cf=cfr(0,0,0,1,0,0,0,1,0,0,0,1);es="Linear";ed="In";};["Torso"]={cf=cfr(-.017,-.029,-.179,.71,.703,-.034,-.704,.708,-.055,-.015,.063,.998);es="Linear";ed="In";};["Right Arm"]={cf=cfr(.059,-.642,.122,.607,-.757,.241,.444,.575,.687,-.659,-.31,.686);es="Linear";ed="In";};["Handle"]={cf=cfr(0,0,0,1,0,0,0,1,0,0,0,1);es="Linear";ed="In";};["Blade"]={cf=cfr(0,0,0,1,0,0,0,1,0,0,0,1);es="Linear";ed="In";};["Left Arm"]={cf=cfr(-.382,.019,-1.903,.875,.411,-.257,-.436,.435,-.788,-.213,.801,.559);es="Linear";ed="In";};["Right Leg"]={cf=cfr(.253,.22,.072,.938,.138,-.318,-.07,.973,.218,.34,-.183,.922);es="Linear";ed="In";};["Left Leg"]={cf=cfr(.055,.232,.179,.627,-.123,.77,.052,.992,.117,-.778,-.033,.628);es="Linear";ed="In";};["Head"]={cf=cfr(0,0,.017,.762,-.647,.034,.646,.755,-.114,.048,.109,.993);es="Linear";ed="In";};};{tm=.567;["HumanoidRootPart"]={cf=cfr(0,0,0,1,0,0,0,1,0,0,0,1);es="Linear";ed="In";};["Torso"]={cf=cfr(-.019,-.03,-.181,.71,.703,-.037,-.704,.708,-.057,-.014,.067,.998);es="Linear";ed="In";};["Right Arm"]={cf=cfr(.059,-.642,.122,.604,-.759,.242,.443,.572,.69,-.662,-.31,.682);es="Linear";ed="In";};["Handle"]={cf=cfr(0,0,0,1,0,0,0,1,0,0,0,1);es="Linear";ed="In";};["Blade"]={cf=cfr(0,0,0,1,0,0,0,1,0,0,0,1);es="Linear";ed="In";};["Left Arm"]={cf=cfr(-.381,.02,-1.901,.874,.414,-.256,-.436,.432,-.79,-.216,.802,.557);es="Linear";ed="In";};["Right Leg"]={cf=cfr(.257,.223,.073,.938,.137,-.319,-.068,.974,.218,.34,-.183,.923);es="Linear";ed="In";};["Left Leg"]={cf=cfr(.055,.233,.181,.626,-.121,.77,.052,.992,.114,-.778,-.031,.627);es="Linear";ed="In";};["Head"]={cf=cfr(0,0,.017,.762,-.647,.036,.646,.755,-.111,.045,.108,.993);es="Linear";ed="In";};};{tm=.583;["HumanoidRootPart"]={cf=cfr(0,0,0,1,0,0,0,1,0,0,0,1);es="Linear";ed="In";};["Torso"]={cf=cfr(-.021,-.032,-.184,.71,.703,-.04,-.704,.707,-.06,-.014,.07,.997);es="Linear";ed="In";};["Right Arm"]={cf=cfr(.059,-.642,.122,.602,-.761,.242,.442,.569,.693,-.665,-.31,.679);es="Linear";ed="In";};["Handle"]={cf=cfr(0,0,0,1,0,0,0,1,0,0,0,1);es="Linear";ed="In";};["Blade"]={cf=cfr(0,0,0,1,0,0,0,1,0,0,0,1);es="Linear";ed="In";};["Left Arm"]={cf=cfr(-.38,.02,-1.9,.872,.416,-.256,-.437,.429,-.791,-.22,.802,.556);es="Linear";ed="In";};["Right Leg"]={cf=cfr(.261,.227,.074,.938,.135,-.319,-.066,.974,.217,.34,-.183,.923);es="Linear";ed="In";};["Left Leg"]={cf=cfr(.054,.234,.184,.626,-.118,.771,.051,.993,.11,-.778,-.029,.627);es="Linear";ed="In";};["Head"]={cf=cfr(0,0,.017,.761,-.647,.038,.647,.755,-.109,.042,.107,.993);es="Linear";ed="In";};};{tm=.6;["HumanoidRootPart"]={cf=cfr(0,0,0,1,0,0,0,1,0,0,0,1);es="Linear";ed="In";};["Torso"]={cf=cfr(-.023,-.033,-.186,.709,.704,-.043,-.705,.707,-.062,-.013,.074,.997);es="Linear";ed="In";};["Right Arm"]={cf=cfr(.059,-.642,.122,.598,-.764,.242,.441,.566,.697,-.669,-.31,.675);es="Linear";ed="In";};["Handle"]={cf=cfr(0,0,0,1,0,0,0,1,0,0,0,1);es="Linear";ed="In";};["Blade"]={cf=cfr(0,0,0,1,0,0,0,1,0,0,0,1);es="Linear";ed="In";};["Left Arm"]={cf=cfr(-.38,.021,-1.899,.871,.419,-.255,-.437,.426,-.792,-.223,.802,.554);es="Linear";ed="In";};["Right Leg"]={cf=cfr(.265,.23,.075,.938,.133,-.319,-.064,.974,.216,.339,-.183,.923);es="Linear";ed="In";};["Left Leg"]={cf=cfr(.053,.236,.186,.625,-.115,.772,.051,.993,.107,-.779,-.028,.627);es="Linear";ed="In";};["Head"]={cf=cfr(0,0,.017,.761,-.647,.039,.647,.755,-.107,.039,.107,.994);es="Linear";ed="In";};};{tm=.617;["HumanoidRootPart"]={cf=cfr(0,0,0,1,0,0,0,1,0,0,0,1);es="Linear";ed="In";};["Torso"]={cf=cfr(-.026,-.036,-.188,.709,.704,-.046,-.705,.706,-.065,-.013,.079,.997);es="Linear";ed="In";};["Right Arm"]={cf=cfr(.059,-.643,.122,.595,-.766,.242,.44,.563,.7,-.673,-.31,.672);es="Linear";ed="In";};["Handle"]={cf=cfr(0,0,0,1,0,0,0,1,0,0,0,1);es="Linear";ed="In";};["Blade"]={cf=cfr(0,0,0,1,0,0,0,1,0,0,0,1);es="Linear";ed="In";};["Left Arm"]={cf=cfr(-.379,.021,-1.898,.87,.422,-.255,-.438,.424,-.793,-.227,.802,.553);es="Linear";ed="In";};["Right Leg"]={cf=cfr(.268,.234,.075,.939,.13,-.319,-.061,.975,.215,.339,-.183,.923);es="Linear";ed="In";};["Left Leg"]={cf=cfr(.053,.237,.189,.625,-.111,.773,.05,.993,.103,-.779,-.026,.626);es="Linear";ed="In";};["Head"]={cf=cfr(0,0,.017,.761,-.647,.041,.648,.755,-.104,.036,.106,.994);es="Linear";ed="In";};};{tm=.633;["HumanoidRootPart"]={cf=cfr(0,0,0,1,0,0,0,1,0,0,0,1);es="Linear";ed="In";};["Torso"]={cf=cfr(-.028,-.038,-.191,.708,.704,-.05,-.706,.705,-.068,-.013,.083,.996);es="Linear";ed="In";};["Right Arm"]={cf=cfr(.059,-.643,.122,.591,-.769,.242,.439,.559,.703,-.676,-.31,.668);es="Linear";ed="In";};["Handle"]={cf=cfr(0,0,0,1,0,0,0,1,0,0,0,1);es="Linear";ed="In";};["Blade"]={cf=cfr(0,0,0,1,0,0,0,1,0,0,0,1);es="Linear";ed="In";};["Left Arm"]={cf=cfr(-.378,.022,-1.897,.869,.425,-.254,-.438,.421,-.794,-.23,.801,.552);es="Linear";ed="In";};["Right Leg"]={cf=cfr(.272,.237,.076,.939,.126,-.32,-.058,.975,.214,.339,-.183,.923);es="Linear";ed="In";};["Left Leg"]={cf=cfr(.052,.238,.191,.624,-.107,.774,.048,.994,.099,-.78,-.024,.626);es="Linear";ed="In";};["Head"]={cf=cfr(0,0,.017,.761,-.648,.042,.648,.755,-.101,.033,.104,.994);es="Linear";ed="In";};};{tm=.65;["HumanoidRootPart"]={cf=cfr(0,0,0,1,0,0,0,1,0,0,0,1);es="Linear";ed="In";};["Torso"]={cf=cfr(-.031,-.04,-.193,.708,.705,-.054,-.707,.704,-.071,-.013,.088,.996);es="Linear";ed="In";};["Right Arm"]={cf=cfr(.059,-.643,.122,.588,-.772,.242,.438,.555,.707,-.68,-.309,.665);es="Linear";ed="In";};["Handle"]={cf=cfr(0,0,0,1,0,0,0,1,0,0,0,1);es="Linear";ed="In";};["Blade"]={cf=cfr(0,0,0,1,0,0,0,1,0,0,0,1);es="Linear";ed="In";};["Left Arm"]={cf=cfr(-.377,.022,-1.896,.868,.428,-.254,-.439,.419,-.795,-.234,.801,.551);es="Linear";ed="In";};["Right Leg"]={cf=cfr(.274,.241,.076,.939,.122,-.32,-.054,.976,.213,.338,-.183,.923);es="Linear";ed="In";};["Left Leg"]={cf=cfr(.052,.239,.193,.624,-.103,.775,.047,.994,.094,-.78,-.023,.625);es="Linear";ed="In";};["Head"]={cf=cfr(0,0,.017,.761,-.647,.044,.648,.755,-.098,.03,.103,.994);es="Linear";ed="In";};};{tm=.667;["HumanoidRootPart"]={cf=cfr(0,0,0,1,0,0,0,1,0,0,0,1);es="Linear";ed="In";};["Torso"]={cf=cfr(-.034,-.043,-.196,.707,.705,-.057,-.707,.703,-.075,-.012,.094,.996);es="Linear";ed="In";};["Right Arm"]={cf=cfr(.059,-.643,.122,.583,-.775,.242,.438,.552,.71,-.684,-.308,.661);es="Linear";ed="In";};["Handle"]={cf=cfr(0,0,0,1,0,0,0,1,0,0,0,1);es="Linear";ed="In";};["Blade"]={cf=cfr(0,0,0,1,0,0,0,1,0,0,0,1);es="Linear";ed="In";};["Left Arm"]={cf=cfr(-.377,.023,-1.895,.866,.431,-.253,-.44,.417,-.795,-.237,.8,.551);es="Linear";ed="In";};["Right Leg"]={cf=cfr(.277,.244,.077,.94,.118,-.32,-.05,.976,.212,.338,-.183,.923);es="Linear";ed="In";};["Left Leg"]={cf=cfr(.052,.241,.195,.623,-.098,.776,.045,.995,.09,-.781,-.021,.625);es="Linear";ed="In";};["Head"]={cf=cfr(0,0,.017,.761,-.647,.045,.648,.755,-.095,.027,.101,.994);es="Linear";ed="In";};};{tm=.683;["HumanoidRootPart"]={cf=cfr(0,0,0,1,0,0,0,1,0,0,0,1);es="Linear";ed="In";};["Torso"]={cf=cfr(-.037,-.045,-.198,.706,.705,-.061,-.708,.702,-.079,-.012,.099,.995);es="Linear";ed="In";};["Right Arm"]={cf=cfr(.059,-.643,.122,.579,-.778,.242,.437,.548,.713,-.688,-.307,.657);es="Linear";ed="In";};["Handle"]={cf=cfr(0,0,0,1,0,0,0,1,0,0,0,1);es="Linear";ed="In";};["Blade"]={cf=cfr(0,0,0,1,0,0,0,1,0,0,0,1);es="Linear";ed="In";};["Left Arm"]={cf=cfr(-.376,.023,-1.894,.865,.434,-.252,-.441,.415,-.796,-.241,.8,.55);es="Linear";ed="In";};["Right Leg"]={cf=cfr(.279,.248,.077,.94,.113,-.321,-.046,.977,.21,.337,-.183,.924);es="Linear";ed="In";};["Left Leg"]={cf=cfr(.052,.242,.197,.623,-.093,.777,.043,.995,.085,-.781,-.02,.624);es="Linear";ed="In";};["Head"]={cf=cfr(0,0,.017,.761,-.647,.047,.648,.756,-.091,.024,.1,.995);es="Linear";ed="In";};};{tm=.7;["HumanoidRootPart"]={cf=cfr(0,0,0,1,0,0,0,1,0,0,0,1);es="Linear";ed="In";};["Torso"]={cf=cfr(-.04,-.048,-.2,.706,.705,-.066,-.708,.701,-.082,-.012,.105,.994);es="Linear";ed="In";};["Right Arm"]={cf=cfr(.059,-.643,.122,.575,-.782,.242,.437,.543,.717,-.692,-.306,.654);es="Linear";ed="In";};["Handle"]={cf=cfr(0,0,0,1,0,0,0,1,0,0,0,1);es="Linear";ed="In";};["Blade"]={cf=cfr(0,0,0,1,0,0,0,1,0,0,0,1);es="Linear";ed="In";};["Left Arm"]={cf=cfr(-.375,.023,-1.893,.863,.437,-.252,-.442,.413,-.796,-.244,.799,.55);es="Linear";ed="In";};["Right Leg"]={cf=cfr(.281,.252,.078,.941,.109,-.321,-.042,.977,.208,.337,-.182,.924);es="Linear";ed="In";};["Left Leg"]={cf=cfr(.052,.243,.199,.622,-.088,.778,.04,.996,.08,-.782,-.019,.623);es="Linear";ed="In";};["Head"]={cf=cfr(0,0,.017,.761,-.647,.048,.648,.756,-.088,.02,.098,.995);es="Linear";ed="In";};};{tm=.717;["HumanoidRootPart"]={cf=cfr(0,0,0,1,0,0,0,1,0,0,0,1);es="Linear";ed="In";};["Torso"]={cf=cfr(-.043,-.051,-.202,.705,.705,-.07,-.709,.7,-.086,-.012,.11,.994);es="Linear";ed="In";};["Right Arm"]={cf=cfr(.058,-.643,.122,.57,-.785,.242,.437,.539,.72,-.696,-.305,.65);es="Linear";ed="In";};["Handle"]={cf=cfr(0,0,0,1,0,0,0,1,0,0,0,1);es="Linear";ed="In";};["Blade"]={cf=cfr(0,0,0,1,0,0,0,1,0,0,0,1);es="Linear";ed="In";};["Left Arm"]={cf=cfr(-.375,.024,-1.893,.862,.44,-.251,-.442,.412,-.797,-.247,.798,.55);es="Linear";ed="In";};["Right Leg"]={cf=cfr(.283,.255,.078,.941,.103,-.322,-.037,.978,.206,.336,-.182,.924);es="Linear";ed="In";};["Left Leg"]={cf=cfr(.053,.244,.201,.622,-.083,.779,.038,.996,.076,-.782,-.018,.623);es="Linear";ed="In";};["Head"]={cf=cfr(0,0,.017,.761,-.647,.049,.648,.757,-.084,.017,.096,.995);es="Linear";ed="In";};};{tm=.733;["HumanoidRootPart"]={cf=cfr(0,0,0,1,0,0,0,1,0,0,0,1);es="Linear";ed="In";};["Torso"]={cf=cfr(-.046,-.054,-.205,.705,.705,-.074,-.709,.699,-.091,-.012,.116,.993);es="Linear";ed="In";};["Right Arm"]={cf=cfr(.058,-.644,.122,.566,-.788,.242,.436,.535,.723,-.7,-.303,.647);es="Linear";ed="In";};["Handle"]={cf=cfr(0,0,0,1,0,0,0,1,0,0,0,1);es="Linear";ed="In";};["Blade"]={cf=cfr(0,0,0,1,0,0,0,1,0,0,0,1);es="Linear";ed="In";};["Left Arm"]={cf=cfr(-.374,.024,-1.892,.86,.444,-.25,-.443,.41,-.797,-.251,.797,.55);es="Linear";ed="In";};["Right Leg"]={cf=cfr(.285,.258,.078,.942,.098,-.322,-.032,.978,.204,.336,-.182,.924);es="Linear";ed="In";};["Left Leg"]={cf=cfr(.053,.245,.203,.622,-.077,.78,.035,.997,.071,-.783,-.017,.622);es="Linear";ed="In";};["Head"]={cf=cfr(0,0,.017,.761,-.647,.05,.648,.757,-.08,.014,.094,.996);es="Linear";ed="In";};};{tm=.75;["HumanoidRootPart"]={cf=cfr(0,0,0,1,0,0,0,1,0,0,0,1);es="Linear";ed="In";};["Torso"]={cf=cfr(-.05,-.058,-.207,.704,.706,-.078,-.71,.698,-.095,-.012,.122,.992);es="Linear";ed="In";};["Right Arm"]={cf=cfr(.058,-.644,.122,.561,-.792,.242,.436,.531,.726,-.704,-.302,.643);es="Linear";ed="In";};["Handle"]={cf=cfr(0,0,0,1,0,0,0,1,0,0,0,1);es="Linear";ed="In";};["Blade"]={cf=cfr(0,0,0,1,0,0,0,1,0,0,0,1);es="Linear";ed="In";};["Left Arm"]={cf=cfr(-.373,.025,-1.891,.859,.447,-.25,-.445,.409,-.797,-.254,.796,.55);es="Linear";ed="In";};["Right Leg"]={cf=cfr(.286,.262,.079,.942,.092,-.323,-.026,.979,.202,.335,-.182,.924);es="Linear";ed="In";};["Left Leg"]={cf=cfr(.054,.246,.204,.621,-.071,.78,.032,.997,.065,-.783,-.016,.622);es="Linear";ed="In";};["Head"]={cf=cfr(0,0,.017,.761,-.646,.051,.648,.758,-.076,.01,.091,.996);es="Linear";ed="In";};};{tm=.767;["HumanoidRootPart"]={cf=cfr(0,0,0,1,0,0,0,1,0,0,0,1);es="Linear";ed="In";};["Torso"]={cf=cfr(-.053,-.061,-.209,.704,.706,-.083,-.71,.697,-.099,-.012,.128,.992);es="Linear";ed="In";};["Right Arm"]={cf=cfr(.058,-.644,.123,.556,-.795,.241,.437,.527,.73,-.707,-.3,.64);es="Linear";ed="In";};["Handle"]={cf=cfr(0,0,0,1,0,0,0,1,0,0,0,1);es="Linear";ed="In";};["Blade"]={cf=cfr(0,0,0,1,0,0,0,1,0,0,0,1);es="Linear";ed="In";};["Left Arm"]={cf=cfr(-.373,.025,-1.89,.857,.45,-.249,-.446,.408,-.797,-.257,.794,.55);es="Linear";ed="In";};["Right Leg"]={cf=cfr(.286,.265,.079,.942,.086,-.324,-.021,.979,.2,.334,-.182,.925);es="Linear";ed="In";};["Left Leg"]={cf=cfr(.055,.247,.206,.621,-.065,.781,.029,.998,.06,-.783,-.015,.621);es="Linear";ed="In";};["Head"]={cf=cfr(0,0,.017,.762,-.646,.053,.648,.758,-.072,.007,.089,.996);es="Linear";ed="In";};};{tm=.783;["Humano