-- // converted using mech's animoduler
local cfr = CFrame.new

return {{tm=0;["Torso"]={cf=cfr(0,0,0,1,0,0,0,1,0,0,0,1);es="Linear";ed="In";};["Head"]={cf=cfr(0,0,0,1,0,0,0,1,0,0,0,1);es="Linear";ed="In";};["Left Leg"]={cf=cfr(0,0,0,1,0,0,0,1,0,0,0,1);es="Linear";ed="In";};["Right Arm"]={cf=cfr(0,0,0,1,0,0,0,1,0,0,0,1);es="Linear";ed="In";};["Handle"]={cf=cfr(0,0,0,1,0,0,0,1,0,0,0,1);es="Linear";ed="In";};["Right Leg"]={cf=cfr(0,0,0,1,0,0,0,1,0,0,0,1);es="Linear";ed="In";};["Left Arm"]={cf=cfr(0,0,0,1,0,0,0,1,0,0,0,1);es="Linear";ed="In";};};{tm=.017;["Torso"]={cf=cfr(0,0,0,1,-.018,0,.018,1,-.003,0,.003,1);es="Linear";ed="In";};["Head"]={cf=cfr(0,0,0,1,.018,0,-.018,1,0,0,0,1);es="Linear";ed="In";};["Left Leg"]={cf=cfr(0,0,0,1,0,0,0,1,0,0,0,1);es="Linear";ed="In";};["Right Arm"]={cf=cfr(.006,-.012,-.059,.999,-.025,.027,.025,1,-.003,-.027,.004,1);es="Linear";ed="In";};["Handle"]={cf=cfr(0,0,0,1,-.002,0,.002,1,.002,0,-.002,1);es="Linear";ed="In";};["Right Leg"]={cf=cfr(0,0,0,1,0,0,0,1,0,0,0,1);es="Linear";ed="In";};["Left Arm"]={cf=cfr(-.005,-.016,.017,.999,.029,.021,-.029,1,.008,-.021,-.009,1);es="Linear";ed="In";};};{tm=.033;["Torso"]={cf=cfr(0,0,0,.998,-.068,.001,.068,.998,-.012,0,.012,1);es="Linear";ed="In";};["Head"]={cf=cfr(0,0,0,.998,.07,.001,-.07,.998,0,-.001,0,1);es="Linear";ed="In";};["Left Leg"]={cf=cfr(0,0,0,1,0,0,0,1,0,0,0,1);es="Linear";ed="In";};["Right Arm"]={cf=cfr(.022,-.044,-.219,.989,-.1,.106,.102,.995,-.009,-.105,.02,.994);es="Linear";ed="In";};["Handle"]={cf=cfr(0,0,0,1,-.006,-.001,.006,1,.009,.001,-.009,1);es="Linear";ed="In";};["Right Leg"]={cf=cfr(0,0,0,1,0,0,0,1,0,0,0,1);es="Linear";ed="In";};["Left Arm"]={cf=cfr(-.021,-.061,.061,.99,.114,.085,-.117,.993,.032,-.081,-.042,.996);es="Linear";ed="In";};};{tm=.05;["Torso"]={cf=cfr(0,0,0,.989,-.15,.003,.15,.988,-.027,.001,.027,1);es="Linear";ed="In";};["Head"]={cf=cfr(0,0,0,.989,.15,.001,-.15,.989,.001,-.001,-.001,1);es="Linear";ed="In";};["Left Leg"]={cf=cfr(0,0,0,1,0,0,0,1,0,0,0,1);es="Linear";ed="In";};["Right Arm"]={cf=cfr(.044,-.092,-.455,.944,-.224,.242,.233,.972,-.009,-.233,.064,.97);es="Linear";ed="In";};["Handle"]={cf=cfr(0,0,0,1,-.012,-.005,.012,1,.021,.005,-.021,1);es="Linear";ed="In";};["Right Leg"]={cf=cfr(0,0,0,1,0,0,0,1,0,0,0,1);es="Linear";ed="In";};["Left Arm"]={cf=cfr(-.05,-.127,.126,.946,.254,.2,-.271,.96,.062,-.177,-.113,.978);es="Linear";ed="In";};};{tm=.067;["Torso"]={cf=cfr(0,0,0,.966,-.259,.008,.259,.965,-.047,.004,.047,.999);es="Linear";ed="In";};["Head"]={cf=cfr(0,0,0,.967,.253,.003,-.253,.967,.001,-.002,-.002,1);es="Linear";ed="In";};["Left Leg"]={cf=cfr(0,0,0,1,0,0,0,1,0,0,0,1);es="Linear";ed="In";};["Right Arm"]={cf=cfr(.07,-.153,-.744,.815,-.387,.432,.42,.907,.02,-.4,.165,.901);es="Linear";ed="In";};["Handle"]={cf=cfr(0,0,0,1,-.02,-.016,.021,.999,.041,.015,-.041,.999);es="Linear";ed="In";};["Right Leg"]={cf=cfr(0,0,0,1,0,0,0,1,0,0,0,1);es="Linear";ed="In";};["Left Arm"]={cf=cfr(-.091,-.207,.202,.819,.436,.374,-.496,.865,.078,-.289,-.249,.924);es="Linear";ed="In";};};{tm=.083;["Torso"]={cf=cfr(0,0,0,.921,-.389,.018,.389,.918,-.069,.011,.071,.997);es="Linear";ed="In";};["Head"]={cf=cfr(0,0,0,.929,.37,.004,-.37,.929,.001,-.003,-.003,1);es="Linear";ed="In";};["Left Leg"]={cf=cfr(0,0,0,1,0,0,0,1,0,0,0,1);es="Linear";ed="In";};["Right Arm"]={cf=cfr(.094,-.223,-1.059,.54,-.54,.646,.633,.766,.112,-.555,.349,.755);es="Linear";ed="In";};["Handle"]={cf=cfr(0,0,0,.999,-.029,-.034,.031,.997,.068,.032,-.069,.997);es="Linear";ed="In";};["Right Leg"]={cf=cfr(0,0,0,1,0,0,0,1,0,0,0,1);es="Linear";ed="In";};["Left Arm"]={cf=cfr(-.147,-.297,.282,.544,.597,.59,-.756,.653,.036,-.364,-.466,.807);es="Linear";ed="In";};};{tm=.1;["Torso"]={cf=cfr(0,0,0,.849,-.527,.032,.527,.845,-.093,.022,.096,.995);es="Linear";ed="In";};["Head"]={cf=cfr(0,0,0,.872,.49,.006,-.49,.872,.001,-.004,-.004,1);es="Linear";ed="In";};["Left Leg"]={cf=cfr(0,0,0,1,0,0,0,1,0,0,0,1);es="Linear";ed="In";};["Right Arm"]={cf=cfr(.114,-.296,-1.377,.112,-.589,.801,.791,.54,.287,-.601,.601,.526);es="Linear";ed="In";};["Handle"]={cf=cfr(0,0,0,.997,-.037,-.063,.043,.994,.104,.059,-.107,.993);es="Linear";ed="In";};["Right Leg"]={cf=cfr(0,0,0,1,0,0,0,1,0,0,0,1);es="Linear";ed="In";};["Left Arm"]={cf=cfr(-.219,-.388,.356,.12,.618,.777,-.942,.317,-.106,-.312,-.719,.621);es="Linear";ed="In";};};{tm=.117;["Torso"]={cf=cfr(0,0,0,.753,-.656,.051,.657,.745,-.115,.037,.12,.992);es="Linear";ed="In";};["Head"]={cf=cfr(0,0,0,.8,.6,.008,-.6,.8,.001,-.005,-.006,1);es="Linear";ed="In";};["Left Leg"]={cf=cfr(0,0,0,1,0,0,0,1,0,0,0,1);es="Linear";ed="In";};["Right Arm"]={cf=cfr(.126,-.37,-1.672,-.346,-.466,.815,.812,.287,.509,-.471,.837,.279);es="Linear";ed="In";};["Handle"]={cf=cfr(0,0,0,.994,-.042,-.105,.058,.987,.149,.098,-.154,.983);es="Linear";ed="In";};["Right Leg"]={cf=cfr(0,0,0,1,0,0,0,1,0,0,0,1);es="Linear";ed="In";};["Left Arm"]={cf=cfr(-.307,-.474,.419,-.306,.436,.846,-.946,-.04,-.321,-.106,-.899,.425);es="Linear";ed="In";};};{tm=.133;["Torso"]={cf=cfr(0,0,0,.643,-.763,.072,.764,.632,-.132,.055,.14,.989);es="Linear";ed="In";};["Head"]={cf=cfr(0,0,0,.725,.689,.01,-.689,.725,.001,-.006,-.008,1);es="Linear";ed="In";};["Left Leg"]={cf=cfr(0,0,0,1,0,0,0,1,0,0,0,1);es="Linear";ed="In";};["Right Arm"]={cf=cfr(.126,-.44,-1.92,-.67,-.224,.708,.709,.09,.7,-.22,.97,.098);es="Linear";ed="In";};["Handle"]={cf=cfr(0,0,0,.986,-.043,-.161,.075,.976,.203,.149,-.212,.966);es="Linear";ed="In";};["Right Leg"]={cf=cfr(0,0,0,1,0,0,0,1,0,0,0,1);es="Linear";ed="In";};["Left Arm"]={cf=cfr(-.413,-.55,.46,-.575,.147,.805,-.803,-.293,-.519,.159,-.945,.287);es="Linear";ed="In";};};{tm=.15;["Torso"]={cf=cfr(0,0,0,.537,-.838,.092,.84,.523,-.144,.072,.155,.985);es="Linear";ed="In";};["Head"]={cf=cfr(0,0,0,.659,.752,.011,-.752,.659,.001,-.007,-.009,1);es="Linear";ed="In";};["Left Leg"]={cf=cfr(0,0,0,1,0,0,0,1,0,0,0,1);es="Linear";ed="In";};["Right Arm"]={cf=cfr(.111,-.502,-2.097,-.821,.031,.57,.569,-.028,.822,.041,.999,.005);es="Linear";ed="In";};["Handle"]={cf=cfr(0,0,0,.972,-.035,-.231,.097,.96,.264,.212,-.279,.937);es="Linear";ed="In";};["Right Leg"]={cf=cfr(0,0,0,1,0,0,0,1,0,0,0,1);es="Linear";ed="In";};["Left Arm"]={cf=cfr(-.538,-.607,.472,-.674,-.116,.73,-.63,-.426,-.649,.386,-.897,.214);es="Linear";ed="In";};};{tm=.167;["Torso"]={cf=cfr(0,0,0,.454,-.885,.108,.887,.437,-.15,.085,.164,.983);es="Linear";ed="In";};["Head"]={cf=cfr(0,0,0,.615,.789,.013,-.789,.615,.001,-.008,-.011,1);es="Linear";ed="In";};["Left Leg"]={cf=cfr(0,0,0,1,0,0,0,1,0,0,0,1);es="Linear";ed="In";};["Right Arm"]={cf=cfr(.078,-.552,-2.177,-.853,.239,.464,.456,-.093,.885,.255,.966,-.03);es="Linear";ed="In";};["Handle"]={cf=cfr(0,0,0,.95,-.016,-.312,.124,.936,.329,.286,-.352,.891);es="Linear";ed="In";};["Right Leg"]={cf=cfr(0,0,0,1,0,0,0,1,0,0,0,1);es="Linear";ed="In";};["Left Arm"]={cf=cfr(-.683,-.64,.447,-.671,-.302,.677,-.5,-.49,-.714,.548,-.817,.178);es="Linear";ed="In";};};{tm=.183;["Torso"]={cf=cfr(0,0,0,.407,-.906,.118,.909,.389,-.153,.092,.17,.981);es="Linear";ed="In";};["Head"]={cf=cfr(0,0,0,.603,.797,.014,-.797,.603,.001,-.008,-.012,1);es="Linear";ed="In";};["Left Leg"]={cf=cfr(0,0,0,1,0,0,0,1,0,0,0,1);es="Linear";ed="In";};["Right Arm"]={cf=cfr(.03,-.586,-2.148,-.827,.387,.408,.386,-.136,.912,.408,.912,-.037);es="Linear";ed="In";};["Handle"]={cf=cfr(0,0,0,.918,.013,-.397,.157,.906,.392,.365,-.422,.83);es="Linear";ed="In";};["Right Leg"]={cf=cfr(0,0,0,1,0,0,0,1,0,0,0,1);es="Linear";ed="In";};["Left Arm"]={cf=cfr(-.843,-.645,.378,-.628,-.412,.66,-.425,-.529,-.735,.652,-.742,.157);es="Linear";ed="In";};};{tm=.2;["Torso"]={cf=cfr(0,0,0,.418,-.9,.123,.903,.398,-.159,.095,.178,.98);es="Linear";ed="In";};["Head"]={cf=cfr(0,0,0,.637,.771,.016,-.771,.637,.001,-.009,-.013,1);es="Linear";ed="In";};["Left Leg"]={cf=cfr(0,0,0,1,0,0,0,1,0,0,0,1);es="Linear";ed="In";};["Right Arm"]={cf=cfr(-.002,-.602,-2.051,-.8,.456,.388,.35,-.17,.921,.486,.873,-.024);es="Linear";ed="In";};["Handle"]={cf=cfr(0,0,0,.879,.044,-.474,.191,.879,.437,.436,-.475,.764);es="Linear";ed="In";};["Right Leg"]={cf=cfr(0,0,0,1,0,0,0,1,0,0,0,1);es="Linear";ed="In";};["Left Arm"]={cf=cfr(-.993,-.63,.272,-.601,-.447,.662,-.389,-.56,-.731,.698,-.697,.163);es="Linear";ed="In";};};{tm=.217;["Torso"]={cf=cfr(0,0,0,.505,-.855,.122,.858,.481,-.177,.092,.194,.977);es="Linear";ed="In";};["Head"]={cf=cfr(0,0,0,.725,.689,.017,-.689,.725,.002,-.011,-.013,1);es="Linear";ed="In";};["Left Leg"]={cf=cfr(0,0,0,1,0,0,0,1,0,0,0,1);es="Linear";ed="In";};["Right Arm"]={cf=cfr(.021,-.596,-1.935,-.813,.431,.391,.336,-.201,.92,.475,.88,.018);es="Linear";ed="In";};["Handle"]={cf=cfr(0,0,0,.843,.063,-.535,.222,.864,.452,.491,-.499,.714);es="Linear";ed="In";};["Right Leg"]={cf=cfr(0,0,0,1,0,0,0,1,0,0,0,1);es="Linear";ed="In";};["Left Arm"]={cf=cfr(-1.1,-.608,.136,-.63,-.403,.664,-.376,-.589,-.715,.679,-.7,.22);es="Linear";ed="In";};};{tm=.233;["Torso"]={cf=cfr(0,0,0,.685,-.72,.111,.724,.656,-.212,.08,.226,.971);es="Linear";ed="In";};["Head"]={cf=cfr(0,0,0,.863,.505,.019,-.505,.863,.004,-.014,-.013,1);es="Linear";ed="In";};["Left Leg"]={cf=cfr(0,0,0,1,0,0,0,1,0,0,0,1);es="Linear";ed="In";};["Right Arm"]={cf=cfr(.139,-.566,-1.854,-.882,.26,.393,.339,-.229,.912,.327,.938,.113);es="Linear";ed="In";};["Handle"]={cf=cfr(0,0,0,.815,.057,-.576,.242,.871,.427,.526,-.488,.697);es="Linear";ed="In";};["Right Leg"]={cf=cfr(0,0,0,1,0,0,0,1,0,0,0,1);es="Linear";ed="In";};["Left Arm"]={cf=cfr(-1.133,-.588,-.023,-.743,-.24,.624,-.381,-.615,-.69,.55,-.751,.365);es="Linear";ed="In";};};{tm=.25;["Torso"]={cf=cfr(0,0,0,.933,-.353,.064,.357,.894,-.272,.038,.276,.96);es="Linear";ed="In";};["Head"]={cf=cfr(0,0,0,.992,.121,.02,-.121,.993,.009,-.019,-.012,1);es="Linear";ed="In";};["Left Leg"]={cf=cfr(0,0,0,1,0,0,0,1,0,0,0,1);es="Linear";ed="In";};["Right Arm"]={cf=cfr(.389,-.51,-1.858,-.926,-.198,.321,.363,-.244,.899,-.099,.949,.298);es="Linear";ed="In";};["Handle"]={cf=cfr(0,0,0,.804,.01,-.594,.247,.904,.35,.54,-.428,.724);es="Linear";ed="In";};["Right Leg"]={cf=cfr(0,0,0,1,0,0,0,1,0,0,0,1);es="Linear";ed="In";};["Left Arm"]={cf=cfr(-1.059,-.584,-.198,-.9,.152,.407,-.407,-.628,-.664,.155,-.763,.627);es="Linear";ed="In";};};{tm=.267;["Torso"]={cf=cfr(0,0,0,.925,.375,-.057,-.374,.874,-.311,-.066,.309,.949);es="Linear";ed="In";};["Head"]={cf=cfr(0,0,0,.882,-.472,.018,.472,.882,.016,-.023,-.006,1);es="Linear";ed="In";};["Left Leg"]={cf=cfr(0,0,0,1,0,0,0,1,0,0,0,1);es="Linear";ed="In";};["Right Arm"]={cf=cfr(.766,-.437,-1.953,-.507,-.862,.025,.411,-.217,.885,-.758,.459,.464);es="Linear";ed="In";};["Handle"]={cf=cfr(0,0,0,.818,-.091,-.569,.237,.953,.188,.525,-.288,.801);es="Linear";ed="In";};["Right Leg"]={cf=cfr(0,0,0,1,0,0,0,1,0,0,0,1);es="Linear";ed="In";};["Left Arm"]={cf=cfr(-.871,-.601,-.374,-.679,.711,-.181,-.459,-.604,-.651,-.573,-.359,.737);es="Linear";ed="In";};};{tm=.283;["Torso"]={cf=cfr(0,0,0,.481,.859,-.174,-.862,.429,-.27,-.157,.28,.947);es="Linear";ed="In";};["Head"]={cf=cfr(0,0,0,.544,-.839,.013,.839,.544,.021,-.024,0,1);es="Linear";ed="In";};["Left Leg"]={cf=cfr(0,0,0,1,0,0,0,1,0,0,0,1);es="Linear";ed="In";};["Right Arm"]={cf=cfr(1.085,-.399,-1.961,.244,-.938,-.246,.486,-.101,.868,-.839,-.332,.431);es="Linear";ed="In";};["Handle"]={cf=cfr(0,0,0,.862,-.25,-.441,.223,.968,-.114,.456,0,.89);es="Linear";ed="In";};["Right Leg"]={cf=cfr(0,0,0,1,0,0,0,1,0,0,0,1);es="Linear";ed="In";};["Left Arm"]={cf=cfr(-.661,-.631,-.512,-.006,.797,-.604,-.553,-.506,-.662,-.833,.331,.444);es="Linear";ed="In";};};{tm=.3;["Torso"]={cf=cfr(0,0,0,.227,.947,-.228,-.956,.172,-.237,-.185,.271,.944);es="Linear";ed="In";};["Head"]={cf=cfr(0,0,0,.421,-.907,.012,.907,.422,.022,-.025,.002,1);es="Linear";ed="In";};["Left Leg"]={cf=cfr(0,0,0,1,0,0,0,1,0,0,0,1);es="Linear";ed="In";};["Right Arm"]={cf=cfr(1.18,-.439,-1.734,.647,-.682,-.34,.569,.135,.811,-.507,-.719,.476);es="Linear";ed="In";};["Handle"]={cf=cfr(0,0,0,.915,-.379,-.137,.252,.804,-.539,.314,.459,.831);es="Linear";ed="In";};["Right Leg"]={cf=cfr(0,0,0,1,0,0,0,1,0,0,0,1);es="Linear";ed="In";};["Left Arm"]={cf=cfr(-.522,-.661,-.578,.43,.594,-.68,-.68,-.283,-.676,-.594,.753,.282);es="Linear";ed="In";};};{tm=.317;["Torso"]={cf=cfr(0,0,0,.201,.944,-.261,-.961,.138,-.24,-.191,.299,.935);es="Linear";ed="In";};["Head"]={cf=cfr(0,0,0,.483,-.875,.013,.875,.484,.022,-.026,.001,1);es="Linear";ed="In";};["Left Leg"]={cf=cfr(0,0,0,1,0,0,0,1,0,0,0,1);es="Linear";ed="In";};["Right Arm"]={cf=cfr(1.133,-.513,-1.426,.795,-.453,-.403,.587,.407,.7,-.153,-.793,.59);es="Linear";ed="In";};["Handle"]={cf=cfr(0,0,0,.921,-.342,.185,.341,.481,-.808,.187,.807,.56);es="Linear";ed="In";};["Right Leg"]={cf=cfr(0,0,0,1,0,0,0,1,0,0,0,1);es="Linear";ed="In";};["Left Arm"]={cf=cfr(-.455,-.684,-.593,.616,.386,-.686,-.745,.004,-.667,-.254,.923,.29);es="Linear";ed="In";};};{tm=.333;["Torso"]={cf=cfr(0,0,0,.254,.924,-.286,-.949,.18,-.26,-.189,.337,.922);es="Linear";ed="In";};["Head"]={cf=cfr(0,0,0,.544,-.839,.014,.839,.544,.022,-.026,0,1);es="Linear";ed="In";};["Left Leg"]={cf=cfr(0,0,0,1,0,0,0,1,0,0,0,1);es="Linear";ed="In";};["Right Arm"]={cf=cfr(1.085,-.552,-1.272,.823,-.364,-.437,.569,.537,.623,.008,-.761,.649);es="Linear";ed="In";};["Handle"]={cf=cfr(0,0,0,.909,-.281,.308,.391,.318,-.864,.145,.906,.399);es="Linear";ed="In";};["Right Leg"]={cf=cfr(0,0,0,1,0,0,0,1,0,0,0,1);es="Linear";ed="In";};["Left Arm"]={cf=cfr(-.437,-.693,-.591,.659,.296,-.691,-.747,.155,-.646,-.084,.942,.323);es="Linear";ed="In";};};{tm=.35;["Torso"]={cf=cfr(0,0,0,.263,.916,-.303,-.945,.181,-.273,-.195,.358,.913);es="Linear";ed="In";};["Head"]={cf=cfr(0,0,0,.544,-.839,.014,.839,.544,.022,-.026,0,1);es="Linear";ed="In";};["Left Leg"]={cf=cfr(0,0,0,1,0,0,0,1,0,0,0,1);es="Linear";ed="In";};["Right Arm"]={cf=cfr(1.085,-.552,-1.272,.823,-.364,-.437,.569,.537,.623,.008,-.761,.649);es="Linear";ed="In";};["Handle"]={cf=cfr(0,0,0,.909,-.281,.308,.391,.318,-.864,.145,.906,.399);es="Linear";ed="In";};["Right Leg"]={cf=cfr(0,0,0,1,0,0,0,1,0,0,0,1);es="Linear";ed="In";};["Left Arm"]={cf=cfr(-.437,-.693,-.591,.659,.296,-.691,-.747,.155,-.646,-.084,.942,.323);es="Linear";ed="In";};};{tm=.367;["Torso"]={cf=cfr(0,0,0,.222,.922,-.316,-.952,.135,-.275,-.211,.362,.908);es="Linear";ed="In";};["Head"]={cf=cfr(0,0,0,.544,-.839,.014,.839,.544,.022,-.026,0,1);es="Linear";ed="In";};["Left Leg"]={cf=cfr(0,0,0,1,0,0,0,1,0,0,0,1);es="Linear";ed="In";};["Right Arm"]={cf=cfr(1.085,-.552,-1.272,.823,-.364,-.437,.569,.537,.623,.008,-.761,.649);es="Linear";ed="In";};["Handle"]={cf=cfr(0,0,0,.909,-.281,.308,.391,.318,-.864,.145,.906,.399);es="Linear";ed="In";};["Right Leg"]={cf=cfr(0,0,0,1,0,0,0,1,0,0,0,1);es="Linear";ed="In";};["Left Arm"]={cf=cfr(-.437,-.693,-.591,.659,.296,-.691,-.747,.155,-.646,-.084,.942,.323);es="Linear";ed="In";};};{tm=.383;["Torso"]={cf=cfr(0,0,0,.159,.933,-.323,-.96,.07,-.27,-.229,.353,.907);es="Linear";ed="In";};["Head"]={cf=cfr(0,0,0,.544,-.839,.014,.839,.544,.022,-.026,0,1);es="Linear";ed="In";};["Left Leg"]={cf=cfr(0,0,0,1,0,0,0,1,0,0,0,1);es="Linear";ed="In";};["Right Arm"]={cf=cfr(1.085,-.552,-1.272,.823,-.364,-.437,.569,.537,.623,.008,-.761,.649);es="Linear";ed="In";};["Handle"]={cf=cfr(0,0,0,.909,-.281,.308,.391,.318,-.864,.145,.906,.399);es="Linear";ed="In";};["Right Leg"]={cf=cfr(0,0,0,1,0,0,0,1,0,0,0,1);es="Linear";ed="In";};["Left Arm"]={cf=cfr(-.437,-.693,-.591,.659,.296,-.691,-.747,.155,-.646,-.084,.942,.323);es="Linear";ed="In";};};{tm=.4;["Torso"]={cf=cfr(0,0,0,.101,.94,-.326,-.965,.012,-.263,-.243,.341,.908);es="Linear";ed="In";};["Head"]={cf=cfr(0,0,0,.544,-.839,.014,.839,.544,.022,-.026,0,1);es="Linear";ed="In";};["Left Leg"]={cf=cfr(0,0,0,1,0,0,0,1,0,0,0,1);es="Linear";ed="In";};["Right Arm"]={cf=cfr(1.085,-.552,-1.272,.823,-.364,-.437,.569,.537,.623,.008,-.761,.649);es="Linear";ed="In";};["Handle"]={cf=cfr(0,0,0,.909,-.281,.308,.391,.318,-.864,.145,.906,.399);es="Linear";ed="In";};["Right Leg"]={cf=cfr(0,0,0,1,0,0,0,1,0,0,0,1);es="Linear";ed="In";};["Left Arm"]={cf=cfr(-.437,-.693,-.591,.659,.296,-.691,-.747,.155,-.646,-.084,.942,.323);es="Linear";ed="In";};};{tm=.417;["Torso"]={cf=cfr(0,0,0,.076,.942,-.327,-.966,-.012,-.26,-.249,.335,.909);es="Linear";ed="In";};["Head"]={cf=cfr(0,0,0,.544,-.839,.014,.839,.544,.022,-.026,0,1);es="Linear";ed="In";};["Left Leg"]={cf=cfr(0,0,0,1,0,0,0,1,0,0,0,1);es="Linear";ed="In";};["Right Arm"]={cf=cfr(1.085,-.552,-1.272,.823,-.364,-.437,.569,.537,.623,.008,-.761,.649);es="Linear";ed="In";};["Handle"]={cf=cfr(0,0,0,.909,-.281,.308,.391,.318,-.864,.145,.906,.399);es="Linear";ed="In";};["Right Leg"]={cf=cfr(0,0,0,1,0,0,0,1,0,0,0,1);es="Linear";ed="In";};["Left Arm"]={cf=cfr(-.437,-.693,-.591,.659,.296,-.691,-.747,.155,-.646,-.084,.942,.323);es="Linear";ed="In";};};{tm=.433;["Torso"]={cf=cfr(0,0,0,.076,.942,-.327,-.966,-.012,-.26,-.249,.335,.909);es="Linear";ed="In";};["Head"]={cf=cfr(0,0,0,.544,-.839,.014,.839,.544,.022,-.026,0,1);es="Linear";ed="In";};["Left Leg"]={cf=cfr(0,0,0,1,0,0,0,1,0,0,0,1);es="Linear";ed="In";};["Right Arm"]={cf=cfr(1.085,-.552,-1.272,.823,-.364,-.437,.569,.537,.623,.008,-.761,.649);es="Linear";ed="In";};["Handle"]={cf=cfr(0,0,0,.909,-.281,.308,.391,.318,-.864,.145,.906,.399);es="Linear";ed="In";};["Right Leg"]={cf=cfr(0,0,0,1,0,0,0,1,0,0,0,1);es="Linear";ed="In";};["Left Arm"]={cf=cfr(-.437,-.693,-.591,.659,.296,-.691,-.747,.155,-.646,-.084,.942,.323);es="Linear";ed="In";};};{tm=.45;["Torso"]={cf=cfr(0,0,0,.076,.942,-.327,-.966,-.012,-.26,-.249,.335,.909);es="Linear";ed="In";};["Head"]={cf=cfr(0,0,0,.544,-.839,.014,.839,.544,.022,-.026,0,1);es="Linear";ed="In";};["Left Leg"]={cf=cfr(0,0,0,1,0,0,0,1,0,0,0,1);es="Linear";ed="In";};["Right Arm"]={cf=cfr(1.085,-.552,-1.272,.823,-.364,-.437,.569,.537,.623,.008,-.761,.649);es="Linear";ed="In";};["Handle"]={cf=cfr(0,0,0,.909,-.281,.308,.391,.318,-.864,.145,.906,.399);es="Linear";ed="In";};["Right Leg"]={cf=cfr(0,0,0,1,0,0,0,1,0,0,0,1);es="Linear";ed="In";};["Left Arm"]={cf=cfr(-.437,-.693,-.591,.659,.296,-.691,-.747,.155,-.646,-.084,.942,.323);es="Linear";ed="In";};};{tm=.467;["Torso"]={cf=cfr(0,0,0,.076,.942,-.327,-.966,-.012,-.26,-.249,.335,.909);es="Linear";ed="In";};["Head"]={cf=cfr(0,0,0,.544,-.839,.014,.839,.544,.022,-.026,0,1);es="Linear";ed="In";};["Left Leg"]={cf=cfr(0,0,0,1,0,0,0,1,0,0,0,1);es="Linear";ed="In";};["Right Arm"]={cf=cfr(1.085,-.552,-1.272,.823,-.364,-.437,.569,.537,.623,.008,-.761,.649);es="Linear";ed="In";};["Handle"]={cf=cfr(0,0,0,.909,-.281,.308,.391,.318,-.864,.145,.906,.399);es="Linear";ed="In";};["Right Leg"]={cf=cfr(0,0,0,1,0,0,0,1,0,0,0,1);es="Linear";ed="In";};["Left Arm"]={cf=cfr(-.437,-.693,-.591,.659,.296,-.691,-.747,.155,-.646,-.084,.942,.323);es="Linear";ed="In";};};{tm=.483;["Torso"]={cf=cfr(0,0,0,.076,.942,-.327,-.966,-.012,-.26,-.249,.335,.909);es="Linear";ed="In";};["Head"]={cf=cfr(0,0,0,.544,-.839,.014,.839,.544,.022,-.026,0,1);es="Linear";ed="In";};["Left Leg"]={cf=cfr(0,0,0,1,0,0,0,1,0,0,0,1);es="Linear";ed="In";};["Right Arm"]={cf=cfr(1.085,-.552,-1.272,.823,-.364,-.437,.569,.537,.623,.008,-.761,.649);es="Linear";ed="In";};["Handle"]={cf=cfr(0,0,0,.909,-.281,.308,.391,.318,-.864,.145,.906,.399);es="Linear";ed="In";};["Right Leg"]={cf=cfr(0,0,0,1,0,0,0,1,0,0,0,1);es="Linear";ed="In";};["Left Arm"]={cf=cfr(-.437,-.693,-.591,.659,.296,-.691,-.747,.155,-.646,-.084,.942,.323);es="Linear";ed="In";};};{tm=.5;["Torso"]={cf=cfr(0,0,0,.076,.942,-.327,-.966,-.012,-.26,-.249,.335,.909);es="Linear";ed="In";};["Head"]={cf=cfr(0,0,0,.544,-.839,.014,.839,.544,.022,-.026,0,1);es="Linear";ed="In";};["Left Leg"]={cf=cfr(0,0,0,1,0,0,0,1,0,0,0,1);es="Linear";ed="In";};["Right Arm"]={cf=cfr(1.085,-.552,-1.272,.823,-.364,-.437,.569,.537,.623,.008,-.761,.649);es="Linear";ed="In";};["Handle"]={cf=cfr(0,0,0,.909,-.281,.308,.391,.318,-.864,.145,.906,.399);es="Linear";ed="In";};["Right Leg"]={cf=cfr(0,0,0,1,0,0,0,1,0,0,0,1);es="Linear";ed="In";};["Left Arm"]={cf=cfr(-.437,-.693,-.591,.659,.296,-.691,-.747,.155,-.646,-.084,.942,.323);es="Linear";ed="In";};};}
