-- // converted using mech's animoduler
local cfr = CFrame.new

return {{tm=0;["HumanoidRootPart"]={cf=cfr(0,0,0,1,0,0,0,1,0,0,0,1);es="Linear";ed="In";};["Torso"]={cf=cfr(0,-.049,-.124,.985,.172,0,-.172,.983,-.07,-.012,.069,.998);es="Linear";ed="In";};["Right Arm"]={cf=cfr(-.119,-.148,.005,.776,.548,-.312,-.47,.832,.295,.421,-.082,.903);es="Linear";ed="In";};["Left Arm"]={cf=cfr(-.111,-.155,.004,.691,.624,-.366,-.607,.775,.175,.392,.101,.914);es="Linear";ed="In";};["Right Leg"]={cf=cfr(.626,.007,-.033,.89,-.421,.174,.433,.901,-.037,-.141,.108,.984);es="Linear";ed="In";};["Left Leg"]={cf=cfr(.33,-.003,-.015,.887,-.43,.171,.439,.898,-.016,-.147,.09,.985);es="Linear";ed="In";};["Head"]={cf=cfr(0,0,.017,.983,-.181,.017,.182,.978,-.104,.002,.106,.994);es="Linear";ed="In";};};{tm=.017;["HumanoidRootPart"]={cf=cfr(0,0,0,1,0,0,0,1,0,0,0,1);es="Linear";ed="In";};["Torso"]={cf=cfr(0,-.047,-.122,.985,.171,0,-.171,.983,-.069,-.012,.068,.998);es="Linear";ed="In";};["Right Arm"]={cf=cfr(-.118,-.148,.004,.779,.546,-.308,-.467,.833,.295,.418,-.086,.904);es="Linear";ed="In";};["Left Arm"]={cf=cfr(-.11,-.155,.004,.695,.622,-.361,-.605,.777,.175,.389,.097,.916);es="Linear";ed="In";};["Right Leg"]={cf=cfr(.63,.01,-.033,.894,-.414,.173,.426,.904,-.037,-.141,.106,.984);es="Linear";ed="In";};["Left Leg"]={cf=cfr(.327,-.003,-.015,.887,-.429,.17,.438,.899,-.016,-.146,.089,.985);es="Linear";ed="In";};["Head"]={cf=cfr(0,0,.017,.984,-.18,.017,.18,.978,-.105,.002,.106,.994);es="Linear";ed="In";};};{tm=.033;["HumanoidRootPart"]={cf=cfr(0,0,0,1,0,0,0,1,0,0,0,1);es="Linear";ed="In";};["Torso"]={cf=cfr(0,-.043,-.115,.986,.168,0,-.168,.984,-.067,-.011,.066,.998);es="Linear";ed="In";};["Right Arm"]={cf=cfr(-.116,-.148,.004,.788,.538,-.297,-.46,.837,.295,.408,-.096,.908);es="Linear";ed="In";};["Left Arm"]={cf=cfr(-.108,-.154,.004,.705,.618,-.347,-.598,.782,.176,.38,.084,.921);es="Linear";ed="In";};["Right Leg"]={cf=cfr(.641,.018,-.035,.903,-.394,.17,.406,.913,-.036,-.141,.101,.985);es="Linear";ed="In";};["Left Leg"]={cf=cfr(.32,-.002,-.015,.889,-.427,.167,.435,.9,-.015,-.144,.086,.986);es="Linear";ed="In";};["Head"]={cf=cfr(0,0,.017,.984,-.176,.017,.177,.979,-.105,.002,.107,.994);es="Linear";ed="In";};};{tm=.05;["HumanoidRootPart"]={cf=cfr(0,0,0,1,0,0,0,1,0,0,0,1);es="Linear";ed="In";};["Torso"]={cf=cfr(0,-.037,-.103,.987,.163,.001,-.162,.985,-.063,-.011,.062,.998);es="Linear";ed="In";};["Right Arm"]={cf=cfr(-.113,-.148,.003,.803,.526,-.28,-.449,.843,.296,.391,-.112,.913);es="Linear";ed="In";};["Left Arm"]={cf=cfr(-.104,-.154,.003,.723,.61,-.324,-.588,.79,.177,.364,.063,.929);es="Linear";ed="In";};["Right Leg"]={cf=cfr(.655,.029,-.038,.917,-.364,.164,.374,.927,-.034,-.14,.093,.986);es="Linear";ed="In";};["Left Leg"]={cf=cfr(.308,-.002,-.014,.892,-.422,.162,.43,.903,-.014,-.14,.082,.987);es="Linear";ed="In";};["Head"]={cf=cfr(0,0,.017,.985,-.171,.016,.172,.979,-.106,.002,.107,.994);es="Linear";ed="In";};};{tm=.067;["HumanoidRootPart"]={cf=cfr(0,0,0,1,0,0,0,1,0,0,0,1);es="Linear";ed="In";};["Torso"]={cf=cfr(.001,-.029,-.089,.988,.156,.001,-.155,.986,-.058,-.01,.057,.998);es="Linear";ed="In";};["Right Arm"]={cf=cfr(-.108,-.148,.002,.822,.508,-.256,-.433,.851,.296,.369,-.133,.92);es="Linear";ed="In";};["Left Arm"]={cf=cfr(-.099,-.154,.002,.745,.599,-.294,-.572,.8,.178,.342,.036,.939);es="Linear";ed="In";};["Right Leg"]={cf=cfr(.671,.038,-.041,.932,-.325,.157,.334,.942,-.032,-.137,.082,.987);es="Linear";ed="In";};["Left Leg"]={cf=cfr(.293,-.001,-.014,.896,-.416,.155,.423,.906,-.012,-.135,.077,.988);es="Linear";ed="In";};["Head"]={cf=cfr(0,0,.017,.986,-.164,.015,.165,.98,-.107,.003,.108,.994);es="Linear";ed="In";};};{tm=.083;["HumanoidRootPart"]={cf=cfr(0,0,0,1,0,0,0,1,0,0,0,1);es="Linear";ed="In";};["Torso"]={cf=cfr(.001,-.019,-.072,.989,.147,.001,-.147,.988,-.052,-.009,.052,.999);es="Linear";ed="In";};["Right Arm"]={cf=cfr(-.102,-.147,.001,.845,.484,-.227,-.413,.861,.297,.34,-.157,.927);es="Linear";ed="In";};["Left Arm"]={cf=cfr(-.093,-.153,.001,.772,.582,-.257,-.553,.813,.181,.314,.003,.949);es="Linear";ed="In";};["Right Leg"]={cf=cfr(.685,.045,-.043,.949,-.28,.148,.287,.957,-.029,-.133,.07,.989);es="Linear";ed="In";};["Left Leg"]={cf=cfr(.274,-.001,-.013,.902,-.407,.147,.412,.911,-.01,-.129,.07,.989);es="Linear";ed="In";};["Head"]={cf=cfr(0,0,.017,.988,-.156,.014,.156,.982,-.108,.003,.109,.994);es="Linear";ed="In";};};{tm=.1;["HumanoidRootPart"]={cf=cfr(0,0,0,1,0,0,0,1,0,0,0,1);es="Linear";ed="In";};["Torso"]={cf=cfr(.001,-.009,-.054,.991,.137,.002,-.136,.99,-.046,-.008,.046,.999);es="Linear";ed="In";};["Right Arm"]={cf=cfr(-.095,-.147,0,.87,.454,-.193,-.389,.872,.298,.304,-.184,.935);es="Linear";ed="In";};["Left Arm"]={cf=cfr(-.085,-.152,0,.801,.559,-.213,-.529,.828,.184,.279,-.035,.96);es="Linear";ed="In";};["Right Leg"]={cf=cfr(.698,.048,-.044,.964,-.229,.137,.234,.972,-.026,-.127,.058,.99);es="Linear";ed="In";};["Left Leg"]={cf=cfr(.251,0,-.012,.909,-.394,.136,.399,.917,-.008,-.122,.062,.991);es="Linear";ed="In";};["Head"]={cf=cfr(0,0,.017,.989,-.145,.013,.146,.983,-.11,.003,.11,.994);es="Linear";ed="In";};};{tm=.117;["HumanoidRootPart"]={cf=cfr(0,0,0,1,0,0,0,1,0,0,0,1);es="Linear";ed="In";};["Torso"]={cf=cfr(.002,.003,-.034,.992,.125,.002,-.125,.991,-.04,-.007,.039,.999);es="Linear";ed="In";};["Right Arm"]={cf=cfr(-.087,-.147,-.001,.895,.417,-.155,-.36,.884,.3,.262,-.212,.941);es="Linear";ed="In";};["Left Arm"]={cf=cfr(-.077,-.152,-.001,.832,.53,-.163,-.501,.844,.189,.238,-.075,.968);es="Linear";ed="In";};["Right Leg"]={cf=cfr(.706,.045,-.045,.977,-.174,.125,.178,.984,-.023,-.119,.045,.992);es="Linear";ed="In";};["Left Leg"]={cf=cfr(.008,-.081,.016,.865,-.487,.125,.491,.871,-.006,-.106,.067,.992);es="Linear";ed="In";};["Head"]={cf=cfr(0,0,.017,.991,-.134,.011,.134,.985,-.111,.004,.111,.994);es="Linear";ed="In";};};{tm=.133;["HumanoidRootPart"]={cf=cfr(0,0,0,1,0,0,0,1,0,0,0,1);es="Linear";ed="In";};["Torso"]={cf=cfr(.002,.014,-.014,.994,.112,.002,-.112,.993,-.033,-.006,.032,.999);es="Linear";ed="In";};["Right Arm"]={cf=cfr(-.078,-.147,-.002,.92,.374,-.113,-.327,.896,.301,.214,-.24,.947);es="Linear";ed="In";};["Left Arm"]={cf=cfr(-.069,-.151,-.002,.862,.494,-.11,-.469,.861,.195,.191,-.117,.975);es="Linear";ed="In";};["Right Leg"]={cf=cfr(.71,.036,-.044,.987,-.115,.112,.118,.993,-.02,-.109,.033,.993);es="Linear";ed="In";};["Left Leg"]={cf=cfr(-.219,-.126,.037,.823,-.558,.112,.561,.827,-.004,-.09,.066,.994);es="Linear";ed="In";};["Head"]={cf=cfr(0,0,.017,.993,-.121,.01,.121,.986,-.111,.004,.112,.994);es="Linear";ed="In";};};{tm=.15;["HumanoidRootPart"]={cf=cfr(0,0,0,1,0,0,0,1,0,0,0,1);es="Linear";ed="In";};["Torso"]={cf=cfr(.002,.025,.006,.995,.098,.002,-.098,.995,-.026,-.005,.026,1);es="Linear";ed="In";};["Right Arm"]={cf=cfr(-.069,-.147,-.003,.944,.324,-.069,-.29,.908,.303,.161,-.266,.95);es="Linear";ed="In";};["Left Arm"]={cf=cfr(-.059,-.15,-.003,.891,.451,-.053,-.432,.879,.203,.138,-.158,.978);es="Linear";ed="In";};["Right Leg"]={cf=cfr(.708,.021,-.041,.994,-.056,.098,.058,.998,-.017,-.097,.022,.995);es="Linear";ed="In";};["Left Leg"]={cf=cfr(-.386,-.132,.046,.8,-.592,.098,.595,.804,-.002,-.078,.06,.995);es="Linear";ed="In";};["Head"]={cf=cfr(0,0,.017,.994,-.107,.008,.107,.988,-.112,.004,.112,.994);es="Linear";ed="In";};};{tm=.167;["HumanoidRootPart"]={cf=cfr(0,0,0,1,0,0,0,1,0,0,0,1);es="Linear";ed="In";};["Torso"]={cf=cfr(.002,.036,.024,.997,.083,.002,-.083,.996,-.02,-.004,.02,1);es="Linear";ed="In";};["Right Arm"]={cf=cfr(-.059,-.147,-.004,.963,.268,-.023,-.249,.919,.305,.103,-.288,.952);es="Linear";ed="In";};["Left Arm"]={cf=cfr(-.05,-.149,-.004,.917,.4,.006,-.392,.895,.212,.079,-.197,.977);es="Linear";ed="In";};["Right Leg"]={cf=cfr(.698,.001,-.037,.997,.004,.083,-.003,1,-.014,-.083,.013,.996);es="Linear";ed="In";};["Left Leg"]={cf=cfr(-.526,-.117,.048,.79,-.608,.083,.61,.793,-.001,-.066,.051,.997);es="Linear";ed="In";};["Head"]={cf=cfr(0,0,.017,.996,-.092,.006,.093,.989,-.112,.004,.112,.994);es="Linear";ed="In";};};{tm=.183;["HumanoidRootPart"]={cf=cfr(0,0,0,1,0,0,0,1,0,0,0,1);es="Linear";ed="In";};["Torso"]={cf=cfr(.002,.046,.041,.998,.067,.002,-.067,.998,-.014,-.003,.014,1);es="Linear";ed="In";};["Right Arm"]={cf=cfr(-.049,-.146,-.005,.978,.207,.025,-.204,.929,.308,.041,-.306,.951);es="Linear";ed="In";};["Left Arm"]={cf=cfr(-.039,-.149,-.005,.937,.342,.065,-.348,.911,.224,.018,-.232,.973);es="Linear";ed="In";};["Right Leg"]={cf=cfr(.681,-.024,-.032,.996,.063,.067,-.063,.998,-.011,-.068,.006,.998);es="Linear";ed="In";};["Left Leg"]={cf=cfr(-.648,-.085,.045,.79,-.609,.067,.611,.792,0,-.054,.041,.998);es="Linear";ed="In";};["Head"]={cf=cfr(0,0,.017,.997,-.077,.005,.077,.991,-.111,.004,.111,.994);es="Linear";ed="In";};};{tm=.2;["HumanoidRootPart"]={cf=cfr(0,0,0,1,0,0,0,1,0,0,0,1);es="Linear";ed="In";};["Torso"]={cf=cfr(.001,.054,.055,.999,.051,.002,-.051,.999,-.009,-.002,.009,1);es="Linear";ed="In";};["Right Arm"]={cf=cfr(-.039,-.146,-.006,.987,.141,.071,-.156,.938,.31,-.023,-.317,.948);es="Linear";ed="In";};["Left Arm"]={cf=cfr(-.029,-.148,-.006,.953,.279,.121,-.3,.924,.236,-.046,-.262,.964);es="Linear";ed="In";};["Right Leg"]={cf=cfr(.654,-.053,-.025,.992,.12,.051,-.119,.993,-.008,-.052,.001,.999);es="Linear";ed="In";};["Left Leg"]={cf=cfr(-.752,-.039,.037,.799,-.599,.051,.6,.8,.001,-.041,.03,.999);es="Linear";ed="In";};["Head"]={cf=cfr(0,0,.017,.998,-.061,.003,.061,.992,-.11,.003,.11,.994);es="Linear";ed="In";};};{tm=.217;["HumanoidRootPart"]={cf=cfr(0,0,0,1,0,0,0,1,0,0,0,1);es="Linear";ed="In";};["Torso"]={cf=cfr(.001,.06,.066,.999,.034,.001,-.034,.999,-.006,-.001,.006,1);es="Linear";ed="In";};["Right Arm"]={cf=cfr(-.028,-.147,-.006,.991,.072,.117,-.105,.944,.312,-.088,-.321,.943);es="Linear";ed="In";};["Left Arm"]={cf=cfr(-.018,-.148,-.006,.962,.211,.174,-.25,.935,.25,-.11,-.284,.953);es="Linear";ed="In";};["Right Leg"]={cf=cfr(.615,-.084,-.017,.985,.171,.034,-.171,.985,-.005,-.035,-.001,.999);es="Linear";ed="In";};["Left Leg"]={cf=cfr(-.838,.017,.026,.816,-.576,.034,.577,.817,.001,-.028,.019,.999);es="Linear";ed="In";};["Head"]={cf=cfr(0,0,.017,.999,-.044,.002,.044,.993,-.108,.003,.108,.994);es="Linear";ed="In";};};{tm=.233;["HumanoidRootPart"]={cf=cfr(0,0,0,1,0,0,0,1,0,0,0,1);es="Linear";ed="In";};["Torso"]={cf=cfr(0,.064,.073,1,.017,.001,-.017,1,-.003,-.001,.003,1);es="Linear";ed="In";};["Right Arm"]={cf=cfr(-.017,-.147,-.006,.987,.002,.16,-.052,.949,.312,-.151,-.317,.936);es="Linear";ed="In";};["Left Arm"]={cf=cfr(-.007,-.147,-.006,.965,.14,.222,-.198,.944,.263,-.173,-.298,.939);es="Linear";ed="In";};["Right Leg"]={cf=cfr(.565,-.114,-.01,.976,.217,.017,-.217,.976,-.003,-.017,-.001,1);es="Linear";ed="In";};["Left Leg"]={cf=cfr(-.908,.079,.013,.84,-.543,.017,.543,.84,0,-.014,.009,1);es="Linear";ed="In";};["Head"]={cf=cfr(0,0,.017,1,-.027,0,.027,.994,-.105,.002,.105,.994);es="Linear";ed="In";};};{tm=.25;["HumanoidRootPart"]={cf=cfr(0,0,0,1,0,0,0,1,0,0,0,1);es="Linear";ed="In";};["Torso"]={cf=cfr(0,.066,.076,1,0,0,0,1,-.002,0,.002,1);es="Linear";ed="In";};["Right Arm"]={cf=cfr(-.006,-.147,-.006,.977,-.068,.2,.003,.95,.311,-.211,-.304,.929);es="Linear";ed="In";};["Left Arm"]={cf=cfr(.004,-.147,-.006,.962,.068,.264,-.143,.95,.276,-.232,-.304,.924);es="Linear";ed="In";};["Right Leg"]={cf=cfr(.499,-.142,-.002,.967,.255,0,-.255,.967,-.001,0,.001,1);es="Linear";ed="In";};["Left Leg"]={cf=cfr(-.959,.144,-.002,.867,-.498,0,.498,.867,-.001,.001,.001,1);es="Linear";ed="In";};["Head"]={cf=cfr(0,0,.017,1,-.009,-.001,.009,.995,-.101,.002,.101,.995);es="Linear";ed="In";};};{tm=.267;["HumanoidRootPart"]={cf=cfr(0,0,0,1,0,0,0,1,0,0,0,1);es="Linear";ed="In";};["Torso"]={cf=cfr(0,.064,.073,1,-.017,-.001,.017,1,-.003,.001,.003,1);es="Linear";ed="In";};["Right Arm"]={cf=cfr(.005,-.147,-.006,.962,-.137,.236,.06,.949,.308,-.266,-.282,.922);es="Linear";ed="In";};["Left Arm"]={cf=cfr(.015,-.146,-.006,.954,-.002,.299,-.088,.954,.288,-.286,-.301,.91);es="Linear";ed="In";};["Right Leg"]={cf=cfr(.417,-.165,.004,.959,.283,-.017,-.283,.959,0,.017,.005,1);es="Linear";ed="In";};["Left Leg"]={cf=cfr(-.994,.205,-.016,.896,-.444,-.017,.444,.896,-.003,.017,-.005,1);es="Linear";ed="In";};["Head"]={cf=cfr(0,0,.017,1,.008,-.002,-.008,.995,-.096,.001,.096,.995);es="Linear";ed="In";};};{tm=.283;["HumanoidRootPart"]={cf=cfr(0,0,0,1,0,0,0,1,0,0,0,1);es="Linear";ed="In";};["Torso"]={cf=cfr(-.001,.06,.066,.999,-.034,-.001,.034,.999,-.006,.001,.006,1);es="Linear";ed="In";};["Right Arm"]={cf=cfr(.016,-.148,-.005,.942,-.203,.269,.117,.946,.303,-.316,-.254,.914);es="Linear";ed="In";};["Left Arm"]={cf=cfr(.026,-.146,-.005,.942,-.071,.327,-.031,.954,.298,-.334,-.291,.897);es="Linear";ed="In";};["Right Leg"]={cf=cfr(.313,-.179,.008,.954,.298,-.034,-.298,.955,.001,.033,.009,.999);es="Linear";ed="In";};["Left Leg"]={cf=cfr(-1.013,.26,-.03,.924,-.382,-.034,.382,.924,-.006,.034,-.008,.999);es="Linear";ed="In";};["Head"]={cf=cfr(0,0,.017,1,.025,-.003,-.025,.996,-.09,.001,.09,.996);es="Linear";ed="In";};};{tm=.3;["HumanoidRootPart"]={cf=cfr(0,0,0,1,0,0,0,1,0,0,0,1);es="Linear";ed="In";};["Torso"]={cf=cfr(-.001,.054,.055,.999,-.051,-.002,.051,.999,-.009,.002,.009,1);es="Linear";ed="In";};["Right Arm"]={cf=cfr(.027,-.148,-.004,.917,-.264,.298,.174,.939,.297,-.358,-.22,.907);es="Linear";ed="In";};["Left Arm"]={cf=cfr(.037,-.146,-.004,.927,-.137,.35,.025,.952,.306,-.375,-.275,.885);es="Linear";ed="In";};["Right Leg"]={cf=cfr(.174,-.179,.008,.955,.292,-.051,-.292,.956,.001,.049,.014,.999);es="Linear";ed="In";};["Left Leg"]={cf=cfr(-1.021,.304,-.041,.948,-.315,-.051,.314,.949,-.009,.051,-.008,.999);es="Linear";ed="In";};["Head"]={cf=cfr(0,0,.017,.999,.042,-.004,-.042,.996,-.085,0,.085,.996);es="Linear";ed="In";};};{tm=.317;["HumanoidRootPart"]={cf=cfr(0,0,0,1,0,0,0,1,0,0,0,1);es="Linear";ed="In";};["Torso"]={cf=cfr(-.002,.046,.041,.998,-.067,-.002,.067,.998,-.014,.003,.014,1);es="Linear";ed="In";};["Right Arm"]={cf=cfr(.038,-.148,-.003,.89,-.321,.323,.23,.929,.289,-.393,-.182,.901);es="Linear";ed="In";};["Left Arm"]={cf=cfr(.047,-.146,-.003,.909,-.199,.367,.081,.946,.312,-.409,-.254,.876);es="Linear";ed="In";};["Right Leg"]={cf=cfr(-.102,-.137,-.006,.975,.21,-.067,-.211,.978,.001,.066,.014,.998);es="Linear";ed="In";};["Left Leg"]={cf=cfr(-1.018,.336,-.051,.968,-.243,-.067,.243,.97,-.012,.068,-.005,.998);es="Linear";ed="In";};["Head"]={cf=cfr(0,0,.017,.998,.058,-.004,-.058,.995,-.079,0,.079,.997);es="Linear";ed="In";};};{tm=.333;["HumanoidRootPart"]={cf=cfr(0,0,0,1,0,0,0,1,0,0,0,1);es="Linear";ed="In";};["Torso"]={cf=cfr(-.002,.036,.024,.997,-.083,-.002,.083,.996,-.02,.004,.02,1);es="Linear";ed="In";};["Right Arm"]={cf=cfr(.048,-.149,-.002,.861,-.373,.346,.285,.917,.28,-.421,-.142,.896);es="Linear";ed="In";};["Left Arm"]={cf=cfr(.058,-.146,-.002,.889,-.256,.379,.135,.939,.317,-.437,-.231,.869);es="Linear";ed="In";};["Right Leg"]={cf=cfr(-.137,-.125,-.007,.965,.249,-.083,-.249,.968,0,.081,.021,.997);es="Linear";ed="In";};["Left Leg"]={cf=cfr(-1.007,.356,-.059,.982,-.171,-.083,.17,.985,-.016,.085,.001,.996);es="Linear";ed="In";};["Head"]={cf=cfr(0,0,.017,.997,.074,-.005,-.074,.995,-.073,-.001,.074,.997);es="Linear";ed="In";};};{tm=.35;["HumanoidRootPart"]={cf=cfr(0,0,0,1,0,0,0,1,0,0,0,1);es="Linear";ed="In";};["Torso"]={cf=cfr(-.002,.025,.006,.995,-.098,-.002,.098,.995,-.026,.005,.026,1);es="Linear";ed="In";};["Right Arm"]={cf=cfr(.059,-.15,-.001,.831,-.419,.365,.336,.902,.27,-.442,-.102,.891);es="Linear";ed="In";};["Left Arm"]={cf=cfr(.068,-.146,-.001,.869,-.308,.387,.187,.929,.32,-.459,-.206,.865);es="Linear";ed="In";};["Right Leg"]={cf=cfr(-.169,-.113,-.008,.954,.282,-.098,-.284,.959,-.002,.094,.029,.995);es="Linear";ed="In";};["Left Leg"]={cf=cfr(-.99,.363,-.064,.99,-.097,-.098,.096,.995,-.019,.1,.01,.995);es="Linear";ed="In";};["Head"]={cf=cfr(0,0,.017,.996,.089,-.005,-.089,.994,-.069,-.001,.069,.998);es="Linear";ed="In";};};{tm=.367;["HumanoidRootPart"]={cf=cfr(0,0,0,1,0,0,0,1,0,0,0,1);es="Linear";ed="In";};["Torso"]={cf=cfr(-.002,.014,-.014,.994,-.112,-.002,.112,.993,-.033,.006,.032,.999);es="Linear";ed="In";};["Right Arm"]={cf=cfr(.068,-.15,0,.802,-.46,.38,.385,.886,.259,-.456,-.062,.888);es="Linear";ed="In";};["Left Arm"]={cf=cfr(.077,-.146,0,.849,-.356,.392,.236,.917,.322,-.473,-.181,.862);es="Linear";ed="In";};["Right Leg"]={cf=cfr(-.2,-.1,-.009,.943,.312,-.112,-.314,.949,-.003,.105,.038,.994);es="Linear";ed="In";};["Left Leg"]={cf=cfr(-.969,.357,-.067,.993,-.025,-.112,.023,.999,-.023,.113,.02,.993);es="Linear";ed="In";};["Head"]={cf=cfr(0,0,.017,.995,.103,-.006,-.103,.993,-.066,-.001,.066,.998);es="Linear";ed="In";};};{tm=.383;["HumanoidRootPart"]={cf=cfr(0,0,0,1,0,0,0,1,0,0,0,1);es="Linear";ed="In";};["Torso"]={cf=cfr(-.002,.003,-.034,.992,-.125,-.002,.125,.991,-.04,.007,.039,.999);es="Linear";ed="In";};["Right Arm"]={cf=cfr(.077,-.151,.001,.775,-.495,.392,.429,.868,.248,-.464,-.024,.886);es="Linear";ed="In";};["Left Arm"]={cf=cfr(.086,-.146,.001,.829,-.398,.392,.281,.904,.322,-.483,-.156,.862);es="Linear";ed="In";};["Right Leg"]={cf=cfr(-.228,-.087,-.011,.933,.338,-.125,-.341,.94,-.005,.116,.048,.992);es="Linear";ed="In";};["Left Leg"]={cf=cfr(-.942,.34,-.068,.991,.044,-.125,-.048,.999,-.026,.124,.032,.992);es="Linear";ed="In";};["Head"]={cf=cfr(0,0,.017,.993,.115,-.007,-.116,.991,-.064,-.001,.064,.998);es="Linear";ed="In";};};{tm=.4;["HumanoidRootPart"]={cf=cfr(0,0,0,1,0,0,0,1,0,0,0,1);es="Linear";ed="In";};["Torso"]={cf=cfr(-.001,-.009,-.054,.991,-.137,-.002,.136,.99,-.046,.008,.046,.999);es="Linear";ed="In";};["Right Arm"]={cf=cfr(.085,-.152,.002,.75,-.526,.401,.47,.85,.237,-.466,.01,.885);es="Linear";ed="In";};["Left Arm"]={cf=cfr(.094,-.147,.002,.812,-.434,.39,.323,.891,.32,-.486,-.134,.863);es="Linear";ed="In";};["Right Leg"]={cf=cfr(-.253,-.074,-.012,.923,.36,-.136,-.364,.931,-.007,.124,.057,.991);es="Linear";ed="In";};["Left Leg"]={cf=cfr(-.912,.313,-.068,.984,.111,-.137,-.116,.993,-.029,.133,.045,.99);es="Linear";ed="In";};["Head"]={cf=cfr(0,0,.017,.992,.127,-.008,-.127,.99,-.064,0,.065,.998);es="Linear";ed="In";};};{tm=.417;["HumanoidRootPart"]={cf=cfr(0,0,0,1,0,0,0,1,0,0,0,1);es="Linear";ed="In";};["Torso"]={cf=cfr(-.001,-.019,-.072,.989,-.147,-.001,.147,.988,-.052,.009,.052,.999);es="Linear";ed="In";};["Right Arm"]={cf=cfr(.093,-.153,.003,.729,-.552,.406,.505,.833,.226,-.463,.041,.886);es="Linear";ed="In";};["Left Arm"]={cf=cfr(.101,-.147,.003,.797,-.466,.384,.36,.877,.317,-.485,-.115,.867);es="Linear";ed="In";};["Right Leg"]={cf=cfr(-.275,-.06,-.013,.914,.378,-.147,-.384,.923,-.01,.132,.065,.989);es="Linear";ed="In";};["Left Leg"]={cf=cfr(-.877,.276,-.065,.973,.175,-.148,-.181,.983,-.032,.14,.058,.988);es="Linear";ed="In";};["Head"]={cf=cfr(0,0,.017,.99,.137,-.009,-.138,.988,-.067,0,.067,.998);es="Linear";ed="In";};};{tm=.433;["HumanoidRootPart"]={cf=cfr(0,0,0,1,0,0,0,1,0,0,0,1);es="Linear";ed="In";};["Torso"]={cf=cfr(-.001,-.029,-.089,.988,-.156,-.001,.155,.986,-.058,.01,.057,.998);es="Linear";ed="In";};["Right Arm"]={cf=cfr(.099,-.153,.004,.711,-.574,.407,.536,.816,.214,-.455,.066,.888);es="Linear";ed="In";};["Left Arm"]={cf=cfr(.107,-.147,.004,.785,-.493,.376,.393,.865,.314,-.479,-.099,.872);es="Linear";ed="In";};["Right Leg"]={cf=cfr(-.294,-.047,-.014,.906,.394,-.155,-.4,.916,-.012,.138,.073,.988);es="Linear";ed="In";};["Left Leg"]={cf=cfr(-.837,.231,-.062,.959,.234,-.157,-.242,.97,-.034,.144,.07,.987);es="Linear";ed="In";};["Head"]={cf=cfr(0,0,.017,.989,.146,-.011,-.146,.987,-.072,.001,.073,.997);es="Linear";ed="In";};};{tm=.45;["HumanoidRootPart"]={cf=cfr(0,0,0,1,0,0,0,1,0,0,0,1);es="Linear";ed="In";};["Torso"]={cf=cfr(0,-.037,-.103,.987,-.163,-.001,.162,.985,-.063,.011,.062,.998);es="Linear";ed="In";};["Right Arm"]={cf=cfr(.104,-.154,.004,.698,-.592,.404,.562,.802,.203,-.444,.085,.892);es="Linear";ed="In";};["Left Arm"]={cf=cfr(.112,-.147,.004,.776,-.514,.365,.42,.853,.309,-.47,-.087,.878);es="Linear";ed="In";};["Right Leg"]={cf=cfr(-.309,-.035,-.014,.899,.407,-.162,-.414,.91,-.014,.142,.079,.987);es="Linear";ed="In";};["Left Leg"]={cf=cfr(-.793,.18,-.056,.943,.289,-.164,-.298,.954,-.035,.146,.082,.986);es="Linear";ed="In";};["Head"]={cf=cfr(0,0,.017,.988,.153,-.013,-.153,.985,-.079,.001,.08,.997);es="Linear";ed="In";};};{tm=.467;["HumanoidRootPart"]={cf=cfr(0,0,0,1,0,0,0,1,0,0,0,1);es="Linear";ed="In";};["Torso"]={cf=cfr(0,-.043,-.115,.986,-.168,0,.168,.984,-.067,.011,.066,.998);es="Linear";ed="In";};["Right Arm"]={cf=cfr(.108,-.154,.004,.69,-.606,.396,.583,.79,.193,-.43,.098,.898);es="Linear";ed="In";};["Left Arm"]={cf=cfr(.116,-.148,.005,.772,-.531,.35,.442,.844,.304,-.457,-.08,.886);es="Linear";ed="In";};["Right Leg"]={cf=cfr(-.321,-.023,-.015,.894,.417,-.167,-.425,.905,-.015,.145,.084,.986);es="Linear";ed="In";};["Left Leg"]={cf=cfr(-.743,.125,-.049,.925,.339,-.17,-.349,.936,-.037,.146,.093,.985);es="Linear";ed="In";};["Head"]={cf=cfr(0,0,.017,.987,.158,-.015,-.159,.983,-.087,.001,.088,.996);es="Linear";ed="In";};};{tm=.483;["HumanoidRootPart"]={cf=cfr(0,0,0,1,0,0,0,1,0,0,0,1);es="Linear";ed="In";};["Torso"]={cf=cfr(0,-.047,-.122,.985,-.171,0,.171,.983,-.069,.012,.068,.998);es="Linear";ed="In";};["Right Arm"]={cf=cfr(.11,-.154,.004,.687,-.617,.384,.598,.78,.183,-.412,.103,.905);es="Linear";ed="In";};["Left Arm"]={cf=cfr(.118,-.148,.005,.771,-.542,.333,.459,.837,.299,-.441,-.078,.894);es="Linear";ed="In";};["Right Leg"]={cf=cfr(-.327,-.012,-.015,.889,.424,-.17,-.433,.901,-.016,.147,.088,.985);es="Linear";ed="In";};["Left Leg"]={cf=cfr(-.687,.066,-.042,.907,.383,-.173,-.395,.918,-.037,.145,.102,.984);es="Linear";ed="In";};["Head"]={cf=cfr(0,0,.017,.987,.161,-.017,-.162,.982,-.096,.002,.097,.995);es="Linear";ed="In";};};{tm=.5;["HumanoidRootPart"]={cf=cfr(0,0,0,1,0,0,0,1,0,0,0,1);es="Linear";ed="In";};["Torso"]={cf=cfr(0,-.049,-.124,.985,-.172,0,.172,.983,-.07,.012,.069,.998);es="Linear";ed="In";};["Right Arm"]={cf=cfr(.111,-.155,.004,.691,-.624,.366,.607,.775,.175,-.392,.101,.914);es="Linear";ed="In";};["Left Arm"]={cf=cfr(.119,-.148,.005,.776,-.548,.312,.47,.832,.295,-.421,-.082,.903);es="Linear";ed="In";};["Right Leg"]={cf=cfr(-.33,-.003,-.015,.886,.43,-.171,-.439,.898,-.016,.147,.09,.985);es="Linear";ed="In";};["Left Leg"]={cf=cfr(-.626,.007,-.033,.89,.421,-.174,-.433,.901,-.037,.141,.108,.984);es="Linear";ed="In";};["Head"]={cf=cfr(0,0,.017,.987,.162,-.019,-.163,.981,-.104,.002,.106,.994);es="Linear";ed="In";};};{tm=.517;["HumanoidRootPart"]={cf=cfr(0,0,0,1,0,0,0,1,0,0,0,1);es="Linear";ed="In";};["Torso"]={cf=cfr(0,-.047,-.122,.985,-.171,0,.171,.983,-.069,.012,.068,.998);es="Linear";ed="In";};["Right Arm"]={cf=cfr(.11,-.155,.004,.7,-.627,.342,.611,.774,.168,-.37,.091,.925);es="Linear";ed="In";};["Left Arm"]={cf=cfr(.118,-.148,.004,.785,-.549,.288,.474,.831,.291,-.399,-.092,.912);es="Linear";ed="In";};["Right Leg"]={cf=cfr(-.327,.005,-.015,.885,.433,-.17,-.442,.897,-.016,.146,.09,.985);es="Linear";ed="In";};["Left Leg"]={cf=cfr(-.562,-.048,-.023,.876,.45,-.173,-.463,.886,-.036,.137,.112,.984);es="Linear";ed="In";};["Head"]={cf=cfr(0,0,.017,.987,.161,-.02,-.162,.98,-.112,.002,.113,.994);es="Linear";ed="In";};};{tm=.533;["HumanoidRootPart"]={cf=cfr(0,0,0,1,0,0,0,1,0,0,0,1);es="Linear";ed="In";};["Torso"]={cf=cfr(0,-.043,-.115,.986,-.168,0,.168,.984,-.067,.011,.066,.998);es="Linear";ed="In";};["Right Arm"]={cf=cfr(.107,-.154,.003,.715,-.626,.312,.609,.776,.163,-.344,.073,.936);es="Linear";ed="In";};["Left Arm"]={cf=cfr(.116,-.148,.004,.798,-.543,.26,.473,.833,.289,-.373,-.107,.922);es="Linear";ed="In";};["Right Leg"]={cf=cfr(-.32,.012,-.015,.885,.434,-.167,-.442,.897,-.016,.143,.088,.986);es="Linear";ed="In";};["Left Leg"]={cf=cfr(-.5,-.095,-.015,.867,.469,-.169,-.481,.876,-.035,.132,.112,.985);es="Linear";ed="In";};["Head"]={cf=cfr(0,0,.017,.987,.157,-.021,-.159,.98,-.118,.002,.12,.993);es="Linear";ed="In";};};{tm=.55;["HumanoidRootPart"]={cf=cfr(0,0,0,1,0,0,0,1,0,0,0,1);es="Linear";ed="In";};["Torso"]={cf=cfr(0,-.037,-.103,.987,-.163,-.001,.162,.985,-.063,.011,.062,.998);es="Linear";ed="In";};["Right Arm"]={cf=cfr(.104,-.154,.003,.734,-.62,.277,.601,.783,.16,-.316,.049,.948);es="Linear";ed="In";};["Left Arm"]={cf=cfr(.113,-.148,.003,.815,-.531,.229,.465,.837,.287,-.344,-.127,.93);es="Linear";ed="In";};["Right Leg"]={cf=cfr(-.308,.017,-.014,.887,.432,-.162,-.44,.898,-.014,.139,.084,.987);es="Linear";ed="In";};["Left Leg"]={cf=cfr(-.465,-.119,-.011,.87,.465,-.164,-.476,.879,-.033,.129,.107,.986);es="Linear";ed="In";};["Head"]={cf=cfr(0,0,.017,.988,.152,-.021,-.154,.98,-.124,.001,.125,.992);es="Linear";ed="In";};};{tm=.567;["HumanoidRootPart"]={cf=cfr(0,0,0,1,0,0,0,1,0,0,0,1);es="Linear";ed="In";};["Torso"]={cf=cfr(-.001,-.029,-.089,.988,-.156,-.001,.155,.986,-.058,.01,.057,.998);es="Linear";ed="In";};["Right Arm"]={cf=cfr(.099,-.154,.002,.757,-.609,.237,.589,.793,.159,-.284,.019,.959);es="Linear";ed="In";};["Left Arm"]={cf=cfr(.108,-.148,.002,.835,-.514,.196,.452,.845,.286,-.312,-.15,.938);es="Linear";ed="In";};["Right Leg"]={cf=cfr(-.292,.021,-.014,.891,.427,-.155,-.434,.901,-.013,.134,.079,.988);es="Linear";ed="In";};["Left Leg"]={cf=cfr(-.482,-.11,-.015,.891,.426,-.157,-.436,.9,-.031,.128,.096,.987);es="Linear";ed="In";};["Head"]={cf=cfr(0,0,.017,.989,.145,-.02,-.146,.981,-.128,.001,.13,.992);es="Linear";ed="In";};};{tm=.583;["HumanoidRootPart"]={cf=cfr(0,0,0,1,0,0,0,1,0,0,0,1);es="Linear";ed="In";};["Torso"]={cf=cfr(-.001,-.019,-.072,.989,-.147,-.001,.147,.988,-.052,.009,.052,.999);es="Linear";ed="In";};["Right Arm"]={cf=cfr(.093,-.153,.001,.782,-.592,.192,.571,.806,.159,-.249,-.015,.968);es="Linear";ed="In";};["Left Arm"]={cf=cfr(.102,-.148,.001,.857,-.489,.16,.434,.854,.286,-.277,-.176,.945);es="Linear";ed="In";};["Right Leg"]={cf=cfr(-.273,.024,-.013,.896,.419,-.147,-.425,.905,-.011,.128,.072,.989);es="Linear";ed="In";};["Left Leg"]={cf=cfr(-.514,-.091,-.021,.917,.372,-.148,-.379,.925,-.028,.126,.082,.989);es="Linear";ed="In";};["Head"]={cf=cfr(0,0,.017,.99,.136,-.019,-.138,.982,-.132,.001,.133,.991);es="Linear";ed="In";};};{tm=.6;["HumanoidRootPart"]={cf=cfr(0,0,0,1,0,0,0,1,0,0,0,1);es="Linear";ed="In";};["Torso"]={cf=cfr(-.001,-.009,-.054,.991,-.137,-.002,.136,.99,-.046,.008,.046,.999);es="Linear";ed="In";};["Right Arm"]={cf=cfr(.085,-.152,-.001,.81,-.569,.144,.548,.821,.162,-.211,-.052,.976);es="Linear";ed="In";};["Left Arm"]={cf=cfr(.095,-.147,0,.881,-.458,.122,.41,.865,.287,-.237,-.203,.95);es="Linear";ed="In";};["Right Leg"]={cf=cfr(-.104,-.038,.008,.866,.481,-.136,-.487,.874,-.009,.115,.074,.991);es="Linear";ed="In";};["Left Leg"]={cf=cfr(-.544,-.075,-.026,.94,.311,-.137,-.317,.948,-.026,.122,.068,.99);es="Linear";ed="In";};["Head"]={cf=cfr(0,0,.017,.992,.126,-.018,-.127,.983,-.134,0,.136,.991);es="Linear";ed="In";};};{tm=.617;["HumanoidRootPart"]={cf=cfr(0,0,0,1,0,0,0,1,0,0,0,1);es="Linear";ed="In";};["Torso"]={cf=cfr(-.002,.003,-.034,.992,-.125,-.002,.125,.991,-.04,.007,.039,.999);es="Linear";ed="In";};["Right Arm"]={cf=cfr(.078,-.152,-.002,.838,-.538,.094,.519,.838,.168,-.169,-.092,.981);es="Linear";ed="In";};["Left Arm"]={cf=cfr(.087,-.147,-.001,.904,-.42,.083,.382,.878,.289,-.194,-.23,.954);es="Linear";ed="In";};["Right Leg"]={cf=cfr(.148,-.106,.036,.812,.57,-.125,-.576,.818,-.006,.098,.077,.992);es="Linear";ed="In";};["Left Leg"]={cf=cfr(-.569,-.063,-.03,.961,.247,-.125,-.251,.968,-.023,.116,.053,.992);es="Linear";ed="In";};["Head"]={cf=cfr(0,0,.017,.993,.115,-.016,-.116,.984,-.136,0,.137,.991);es="Linear";ed="In";};};{tm=.633;["HumanoidRootPart"]={cf=cfr(0,0,0,1,0,0,0,1,0,0,0,1);es="Linear";ed="In";};["Torso"]={cf=cfr(-.002,.014,-.014,.994,-.112,-.002,.112,.993,-.033,.006,.032,.999);es="Linear";ed="In";};["Right Arm"]={cf=cfr(.069,-.151,-.003,.865,-.5,.041,.486,.856,.176,-.123,-.132,.984);es="Linear";ed="In";};["Left Arm"]={cf=cfr(.079,-.147,-.003,.926,-.376,.043,.348,.891,.292,-.148,-.255,.955);es="Linear";ed="In";};["Right Leg"]={cf=cfr(.317,-.126,.048,.784,.611,-.112,-.615,.789,-.004,.086,.072,.994);es="Linear";ed="In";};["Left Leg"]={cf=cfr(-.589,-.056,-.032,.977,.18,-.112,-.183,.983,-.02,.107,.04,.993);es="Linear";ed="In";};["Head"]={cf=cfr(0,0,.017,.995,.102,-.014,-.103,.985,-.137,0,.137,.991);es="Linear";ed="In";};};{tm=.65;["HumanoidRootPart"]={cf=cfr(0,0,0,1,0,0,0,1,0,0,0,1);es="Linear";ed="In";};["Torso"]={cf=cfr(-.002,.025,.006,.995,-.098,-.002,.098,.995,-.026,.005,.026,1);es="Linear";ed="In";};["Right Arm"]={cf=cfr(.06,-.15,-.004,.891,-.455,-.012,.449,.874,.186,-.074,-.171,.983);es="Linear";ed="In";};["Left Arm"]={cf=cfr(.07,-.147,-.004,.946,-.325,.003,.309,.904,.296,-.099,-.278,.955);es="Linear";ed="In";};["Right Leg"]={cf=cfr(.459,-.123,.053,.769,.631,-.098,-.635,.773,-.002,.074,.064,.995);es="Linear";ed="In";};["Left Leg"]={cf=cfr(-.603,-.056,-.032,.989,.111,-.098,-.114,.993,-.016,.096,.027,.995);es="Linear";ed="In";};["Head"]={cf=cfr(0,0,.017,.996,.088,-.012,-.089,.987,-.136,0,.136,.991);es="Linear";ed="In";};};{tm=.667;["HumanoidRootPart"]={cf=cfr(0,0,0,1,0,0,0,1,0,0,0,1);es="Linear";ed="In";};["Torso"]={cf=cfr(-.002,.036,.024,.997,-.083,-.002,.083,.996,-.02,.004,.02,1);es="Linear";ed="In";};["Right Arm"]={cf=cfr(.05,-.149,-.005,.913,-.402,-.063,.406,.892,.198,-.023,-.207,.978);es="Linear";ed="In";};["Left Arm"]={cf=cfr(.06,-.147,-.005,.963,-.268,-.036,.266,.916,.299,-.047,-.298,.953);es="Linear";ed="In";};["Right Leg"]={cf=cfr(.582,-.103,.053,.766,.638,-.083,-.64,.768,-.001,.063,.054,.997);es="Linear";ed="In";};["Left Leg"]={cf=cfr(-.609,-.061,-.03,.996,.043,-.083,-.044,.999,-.013,.083,.017,.996);es="Linear";ed="In";};["Head"]={cf=cfr(0,0,.017,.997,.073,-.01,-.074,.988,-.134,0,.135,.991);es="Linear";ed="In";};};{tm=.683;["HumanoidRootPart"]={cf=cfr(0,0,0,1,0,0,0,1,0,0,0,1);es="Linear";ed="In";};["Torso"]={cf=cfr(-.002,.046,.041,.998,-.067,-.002,.067,.998,-.014,.003,.014,1);es="Linear";ed="In";};["Right Arm"]={cf=cfr(.04,-.149,-.005,.932,-.343,-.113,.36,.908,.213,.03,-.239,.971);es="Linear";ed="In";};["Left Arm"]={cf=cfr(.05,-.147,-.005,.976,-.206,-.074,.219,.927,.304,.006,-.312,.95);es="Linear";ed="In";};["Right Leg"]={cf=cfr(.69,-.069,.048,.772,.632,-.067,-.634,.774,0,.052,.043,.998);es="Linear";ed="In";};["Left Leg"]={cf=cfr(-.607,-.071,-.027,.997,-.024,-.067,.024,1,-.01,.068,.009,.998);es="Linear";ed="In";};["Head"]={cf=cfr(0,0,.017,.998,.058,-.008,-.058,.99,-.132,0,.132,.991);es="Linear";ed="In";};};{tm=.7;["HumanoidRootPart"]={cf=cfr(0,0,0,1,0,0,0,1,0,0,0,1);es="Linear";ed="In";};["Torso"]={cf=cfr(-.001,.054,.055,.999,-.051,-.002,.051,.999,-.009,.002,.009,1);es="Linear";ed="In";};["Right Arm"]={cf=cfr(.029,-.148,-.006,.947,-.279,-.159,.31,.923,.228,.083,-.265,.961);es="Linear";ed="In";};["Left Arm"]={cf=cfr(.039,-.146,-.006,.984,-.14,-.11,.168,.937,.307,.059,-.321,.945);es="Linear";ed="In";};["Right Leg"]={cf=cfr(.782,-.023,.039,.787,.615,-.051,-.616,.788,.001,.041,.031,.999);es="Linear";ed="In";};["Left Leg"]={cf=cfr(-.597,-.086,-.022,.995,-.089,-.051,.089,.996,-.008,.052,.003,.999);es="Linear";ed="In";};["Head"]={cf=cfr(0,0,.017,.999,.041,-.006,-.042,.991,-.128,0,.128,.992);es="Linear";ed="In";};};{tm=.717;["HumanoidRootPart"]={cf=cfr(0,0,0,1,0,0,0,1,0,0,0,1);es="Linear";ed="In";};["Torso"]={cf=cfr(-.001,.06,.066,.999,-.034,-.001,.034,.999,-.006,.001,.006,1);es="Linear";ed="In";};["Right Arm"]={cf=cfr(.018,-.148,-.006,.957,-.211,-.2,.257,.935,.245,.135,-.286,.949);es="Linear";ed="In";};["Left Arm"]={cf=cfr(.028,-.147,-.006,.987,-.072,-.143,.113,.944,.31,.112,-.323,.94);es="Linear";ed="In";};["Right Leg"]={cf=cfr(.858,.03,.027,.809,.587,-.034,-.587,.81,.001,.028,.02,.999);es="Linear";ed="In";};["Left Leg"]={cf=cfr(-.576,-.104,-.016,.988,-.151,-.034,.15,.989,-.005,.035,0,.999);es="Linear";ed="In";};["Head"]={cf=cfr(0,0,.017,1,.025,-.004,-.025,.992,-.123,.001,.123,.992);es="Linear";ed="In";};};{tm=.733;["HumanoidRootPart"]={cf=cfr(0,0,0,1,0,0,0,1,0,0,0,1);es="Linear";ed="In";};["Torso"]={cf=cfr(0,.064,.073,1,-.017,-.001,.017,1,-.003,.001,.003,1);es="Linear";ed="In";};["Right Arm"]={cf=cfr(.007,-.147,-.006,.962,-.14,-.235,.201,.944,.261,.185,-.299,.936);es="Linear";ed="In";};["Left Arm"]={cf=cfr(.017,-.147,-.006,.985,-.002,-.173,.056,.948,.312,.164,-.317,.934);es="Linear";ed="In";};["Right Leg"]={cf=cfr(.917,.087,.013,.837,.547,-.017,-.547,.837,0,.014,.009,1);es="Linear";ed="In";};["Left Leg"]={cf=cfr(-.544,-.123,-.009,.978,-.206,-.017,.206,.978,-.003,.017,-.001,1);es="Linear";ed="In";};["Head"]={cf=cfr(0,0,.017,1,.008,-.002,-.008,.993,-.117,.001,.117,.993);es="Linear";ed="In";};};{tm=.75;["HumanoidRootPart"]={cf=cfr(0,0,0,1,0,0,0,1,0,0,0,1);es="Linear";ed="In";};["Torso"]={cf=cfr(0,.066,.076,1,0,0,0,1,-.002,0,.002,1);es="Linear";ed="In";};["Right Arm"]={cf=cfr(-.004,-.147,-.006,.962,-.068,-.264,.143,.95,.276,.232,-.304,.924);es="Linear";ed="In";};["Left Arm"]={cf=cfr(.006,-.147,-.006,.977,.068,-.2,-.003,.95,.311,.211,-.304,.929);es="Linear";ed="In";};["Right Leg"]={cf=cfr(.959,.144,-.002,.867,.498,0,-.498,.867,-.001,-.001,.001,1);es="Linear";ed="In";};["Left Leg"]={cf=cfr(-.499,-.142,-.002,.967,-.255,0,.255,.967,-.001,0,.001,1);es="Linear";ed="In";};["Head"]={cf=cfr(0,0,.017,1,-.009,-.001,.009,.994,-.111,.002,.111,.994);es="Linear";ed="In";};};{tm=.767;["HumanoidRootPart"]={cf=cfr(0,0,0,1,0,0,0,1,0,0,0,1);es="Linear";ed="In";};["Torso"]={cf=cfr(0,.064,.073,1,.017,.001,-.017,1,-.003,-.001,.003,1);es="Linear";ed="In";};["Right Arm"]={cf=cfr(-.015,-.146,-.006,.958,.003,-.286,.084,.954,.289,.274,-.301,.913);es="Linear";ed="In";};["Left Arm"]={cf=cfr(-.005,-.147,-.006,.965,.137,-.223,-.064,.949,.308,.254,-.283,.925);es="Linear";ed="In";};["Right Leg"]={cf=cfr(.986,.196,-.016,.898,.44,.017,-.44,.898,-.003,-.017,-.004,1);es="Linear";ed="In";};["Left Leg"]={cf=cfr(-.441,-.159,.005,.955,-.296,.017,.296,.955,0,-.017,.005,1);es="Linear";ed="In";};["Head"]={cf=cfr(0,0,.017,1,-.027,0,.027,.994,-.103,.002,.103,.995);es="Linear";ed="In";};};{tm=.783;["HumanoidRootPart"]={cf=cfr(0,0,0,1,0,0,0,1,0,0,0,1);es="Linear";ed="In";};["Torso"]={cf=cfr(.001,.06,.066,.999,.034,.001,-.034,.999,-.006,-.001,.006,1);es="Linear";ed="In";};["Right Arm"]={cf=cfr(-.026,-.146,-.005,.95,.072,-.303,.024,.954,.3,.31,-.292,.905);es="Linear";ed="In";};["Left Arm"]={cf=cfr(-.016,-.148,-.005,.948,.204,-.244,-.125,.945,.302,.292,-.256,.922);es="Linear";ed="In";};["Right Leg"]={cf=cfr(.998,.239,-.029,.927,.374,.034,-.374,.927,-.006,-.034,-.007,.999);es="Linear";ed="In";};["Left Leg"]={cf=cfr(-.367,-.171,.01,.945,-.326,.034,.326,.945,.001,-.033,.01,.999);es="Linear";ed="In";};["Head"]={cf=cfr(0,0,.017,.999,-.044,.001,.044,.995,-.095,.003,.095,.996);es="Linear";ed="In";};};{tm=.8;["HumanoidRootPart"]={cf=cfr(0,0,0,1,0,0,0,1,0,0,0,1);es="Linear";ed="In";};["Torso"]={cf=cfr(.001,.054,.055,.999,.051,.002,-.051,.999,-.009,-.002,.009,1);es="Linear";ed="In";};["Right Arm"]={cf=cfr(-.037,-.146,-.004,.939,.138,-.314,-.037,.951,.309,.341,-.278,.898);es="Linear";ed="In";};["Left Arm"]={cf=cfr(-.027,-.148,-.004,.928,.266,-.262,-.186,.938,.294,.324,-.224,.919);es="Linear";ed="In";};["Right Leg"]={cf=cfr(.999,.272,-.041,.952,.303,.051,-.303,.953,-.009,-.051,-.007,.999);es="Linear";ed="In";};["Left Leg"]={cf=cfr(-.273,-.174,.013,.938,-.344,.051,.344,.939,.001,-.048,.017,.999);es="Linear";ed="In";};["Head"]={cf=cfr(0,0,.017,.998,-.061,.002,.061,.994,-.086,.003,.086,.996);es="Linear";ed="In";};};{tm=.817;["HumanoidRootPart"]={cf=cfr(0,0,0,1,0,0,0,1,0,0,0,1);es="Linear";ed="In";};["Torso"]={cf=cfr(.002,.046,.041,.998,.067,.002,-.067,.998,-.014,-.003,.014,1);es="Linear";ed="In";};["Right Arm"]={cf=cfr(-.048,-.146,-.003,.925,.201,-.322,-.096,.944,.314,.367,-.26,.893);es="Linear";ed="In";};["Left Arm"]={cf=cfr(-.038,-.149,-.003,.904,.325,-.278,-.246,.927,.283,.35,-.188,.918);es="Linear";ed="In";};["Right Leg"]={cf=cfr(.991,.292,-.05,.971,.229,.067,-.229,.973,-.012,-.068,-.004,.998);es="Linear";ed="In";};["Left Leg"]={cf=cfr(-.15,-.166,.011,.937,-.344,.067,.344,.939,.001,-.064,.023,.998);es="Linear";ed="In";};["Head"]={cf=cfr(0,0,.017,.997,-.077,.003,.077,.994,-.078,.003,.078,.997);es="Linear";ed="In";};};{tm=.833;["HumanoidRootPart"]={cf=cfr(0,0,0,1,0,0,0,1,0,0,0,1);es="Linear";ed="In";};["Torso"]={cf=cfr(.002,.036,.024,.997,.083,.002,-.083,.996,-.02,-.004,.02,1);es="Linear";ed="In";};["Right Arm"]={cf=cfr(-.058,-.146,-.002,.909,.259,-.326,-.153,.936,.318,.388,-.239,.89);es="Linear";ed="In";};["Left Arm"]={cf=cfr(-.049,-.149,-.002,.878,.378,-.293,-.303,.913,.272,.371,-.15,.917);es="Linear";ed="In";};["Right Leg"]={cf=cfr(.975,.301,-.057,.985,.153,.083,-.152,.988,-.015,-.085,.002,.996);es="Linear";ed="In";};["Left Leg"]={cf=cfr(.059,-.126,-.001,.952,-.295,.083,.296,.955,0,-.079,.025,.997);es="Linear";ed="In";};["Head"]={cf=cfr(0,0,.017,.996,-.093,.003,.093,.993,-.071,.004,.071,.997);es="Linear";ed="In";};};{tm=.85;["HumanoidRootPart"]={cf=cfr(0,0,0,1,0,0,0,1,0,0,0,1);es="Linear";ed="In";};["Torso"]={cf=cfr(.002,.025,.006,.995,.098,.002,-.098,.995,-.026,-.005,.026,1);es="Linear";ed="In";};["Right Arm"]={cf=cfr(-.068,-.146,-.001,.891,.313,-.328,-.207,.925,.32,.403,-.217,.889);es="Linear";ed="In";};["Left Arm"]={cf=cfr(-.059,-.15,-.001,.851,.427,-.306,-.357,.897,.259,.385,-.112,.916);es="Linear";ed="In";};["Right Leg"]={cf=cfr(.953,.298,-.061,.992,.077,.098,-.075,.997,-.019,-.099,.011,.995);es="Linear";ed="In";};["Left Leg"]={cf=cfr(.168,-.091,-.008,.952,-.291,.098,.292,.956,-.002,-.093,.03,.995);es="Linear";ed="In";};["Head"]={cf=cfr(0,0,.017,.994,-.107,.004,.107,.992,-.066,.004,.066,.998);es="Linear";ed="In";};};{tm=.867;["HumanoidRootPart"]={cf=cfr(0,0,0,1,0,0,0,1,0,0,0,1);es="Linear";ed="In";};["Torso"]={cf=cfr(.002,.014,-.014,.994,.112,.002,-.112,.993,-.033,-.006,.032,.999);es="Linear";ed="In";};["Right Arm"]={cf=cfr(-.077,-.146,0,.873,.362,-.328,-.258,.912,.319,.414,-.194,.889);es="Linear";ed="In";};["Left Arm"]={cf=cfr(-.068,-.151,0,.824,.47,-.318,-.406,.88,.246,.395,-.074,.916);es="Linear";ed="In";};["Right Leg"]={cf=cfr(.925,.283,-.064,.994,.001,.112,.001,1,-.022,-.112,.022,.993);es="Linear";ed="In";};["Left Leg"]={cf=cfr(.199,-.076,-.009,.94,-.322,.112,.324,.946,-.003,-.105,.04,.994);es="Linear";ed="In";};["Head"]={cf=cfr(0,0,.017,.993,-.121,.004,.121,.991,-.062,.003,.062,.998);es="Linear";ed="In";};};{tm=.883;["HumanoidRootPart"]={cf=cfr(0,0,0,1,0,0,0,1,0,0,0,1);es="Linear";ed="In";};["Torso"]={cf=cfr(.002,.003,-.034,.992,.125,.002,-.125,.991,-.04,-.007,.039,.999);es="Linear";ed="In";};["Right Arm"]={cf=cfr(-.086,-.147,.001,.854,.405,-.326,-.304,.898,.317,.421,-.172,.89);es="Linear";ed="In";};["Left Arm"]={cf=cfr(-.077,-.151,.001,.797,.507,-.329,-.451,.861,.233,.401,-.038,.915);es="Linear";ed="In";};["Right Leg"]={cf=cfr(.892,.259,-.064,.989,-.072,.125,.076,.997,-.025,-.123,.034,.992);es="Linear";ed="In";};["Left Leg"]={cf=cfr(.227,-.062,-.011,.929,-.349,.125,.352,.936,-.006,-.115,.049,.992);es="Linear";ed="In";};["Head"]={cf=cfr(0,0,.017,.991,-.134,.005,.134,.989,-.061,.003,.061,.998);es="Linear";ed="In";};};{tm=.9;["HumanoidRootPart"]={cf=cfr(0,0,0,1,0,0,0,1,0,0,0,1);es="Linear";ed="In";};["Torso"]={cf=cfr(.001,-.009,-.054,.991,.137,.002,-.136,.99,-.046,-.008,.046,.999);es="Linear";ed="In";};["Right Arm"]={cf=cfr(-.094,-.147,.002,.836,.442,-.324,-.346,.884,.314,.425,-.151,.892);es="Linear";ed="In";};["Left Arm"]={cf=cfr(-.085,-.152,.001,.772,.538,-.338,-.491,.843,.22,.403,-.004,.915);es="Linear";ed="In";};["Right Leg"]={cf=cfr(.856,.227,-.062,.98,-.143,.137,.148,.989,-.028,-.132,.048,.99);es="Linear";ed="In";};["Left Leg"]={cf=cfr(.252,-.048,-.012,.918,-.371,.136,.376,.927,-.008,-.124,.058,.991);es="Linear";ed="In";};["Head"]={cf=cfr(0,0,.017,.989,-.146,.006,.146,.987,-.062,.003,.062,.998);es="Linear";ed="In";};};{tm=.917;["HumanoidRootPart"]={cf=cfr(0,0,0,1,0,0,0,1,0,0,0,1);es="Linear";ed="In";};["Torso"]={cf=cfr(.001,-.019,-.072,.989,.147,.001,-.147,.988,-.052,-.009,.052,.999);es="Linear";ed="In";};["Right Arm"]={cf=cfr(-.101,-.147,.002,.82,.474,-.321,-.382,.871,.31,.427,-.132,.895);es="Linear";ed="In";};["Left Arm"]={cf=cfr(-.093,-.153,.002,.749,.565,-.346,-.526,.825,.208,.403,.026,.915);es="Linear";ed="In";};["Right Leg"]={cf=cfr(.815,.187,-.059,.967,-.209,.148,.216,.976,-.031,-.138,.062,.989);es="Linear";ed="In";};["Left Leg"]={cf=cfr(.275,-.036,-.013,.909,-.39,.147,.395,.919,-.01,-.131,.067,.989);es="Linear";ed="In";};["Head"]={cf=cfr(0,0,.017,.988,-.156,.008,.156,.985,-.067,.003,.0